0.0018568038940429688
0.0011866092681884766
0.0011734962463378906
0.00121307373046875
0.002027273178100586
0.0013561248779296875
0.001188516616821289
0.0010578632354736328
0.0011432170867919922
0.001220703125
0.0011456012725830078
0.0013115406036376953
0.0012803077697753906
0.0013005733489990234
0.0010313987731933594
0.0014641284942626953
0.002417325973510742
0.0013811588287353516
0.0013427734375
0.0015769004821777344
0.0011630058288574219
0.0014531612396240234
0.001051187515258789
0.0012478828430175781
0.0057947635650634766
0.004464864730834961
0.0010361671447753906
0.0015027523040771484
0.001814126968383789
0.0018055438995361328
0.0015103816986083984
0.0011172294616699219
0.005081653594970703
0.0013391971588134766
0.0013256072998046875
0.0020508766174316406
0.0016398429870605469
0.0010313987731933594
0.0016074180603027344
0.0021016597747802734
0.002057313919067383
0.003139972686767578
0.001995563507080078
0.0011434555053710938
0.0015985965728759766
0.002221822738647461
0.0022509098052978516
0.003206014633178711
0.0018887519836425781
0.0017762184143066406
0.001094818115234375
0.0017573833465576172
0.005460500717163086
0.0021669864654541016
0.003846883773803711
0.0020720958709716797
0.0010797977447509766
0.004408121109008789
0.0026161670684814453
0.004695892333984375
0.003980875015258789
0.001478433609008789
0.002814054489135742
0.0024487972259521484
0.003954410552978516
0.004471540451049805
0.0014545917510986328
0.0021288394927978516
0.000993967056274414
0.0034570693969726562
0.00356292724609375
0.001125335693359375
0.0031054019927978516
0.0013911724090576172
0.0055620670318603516
0.004791259765625
0.0011606216430664062
0.004162788391113281
0.004956960678100586
0.0041925907135009766
0.0053863525390625
0.001506805419921875
0.0018095970153808594
0.0017323493957519531
0.0037500858306884766
0.00261688232421875
0.0015003681182861328
0.0034682750701904297
0.0030059814453125
0.0041239261627197266
0.004621982574462891
0.00200653076171875
0.0042133331298828125
0.0024843215942382812
0.005500316619873047
0.0017702579498291016
0.0018374919891357422
0.003100156784057617
0.0029370784759521484
0.0030808448791503906
0.002235889434814453
0.0013470649719238281
0.003960132598876953
0.0050504207611083984
0.0026373863220214844
0.004387855529785156
0.0010437965393066406
0.004511594772338867
0.002027273178100586
0.0028946399688720703
0.0038666725158691406
0.0010356903076171875
0.0017604827880859375
0.003238201141357422
0.005879640579223633
0.004359722137451172
0.005548000335693359
0.0037288665771484375
0.0028095245361328125
0.0015854835510253906
0.005757331848144531
0.004106760025024414
0.003694295883178711
0.002469301223754883
0.0040111541748046875
0.004418134689331055
0.0017039775848388672
0.0015091896057128906
0.0035774707794189453
0.006385087966918945
0.003556489944458008
0.002524137496948242
0.0036427974700927734
0.004493236541748047
0.0024840831756591797
0.002948284149169922
0.0035271644592285156
0.004997730255126953
0.00270843505859375
0.004954099655151367
0.0017330646514892578
0.004814624786376953
0.0044460296630859375
0.0027303695678710938
0.002776622772216797
0.002471446990966797
0.0038237571716308594
0.002279520034790039
0.004527568817138672
0.0025718212127685547
0.0029668807983398438
0.004331111907958984
0.00463557243347168
0.0024967193603515625
0.002962350845336914
0.004412174224853516
0.0025866031646728516
0.002789735794067383
0.003227710723876953
0.003494739532470703
0.004146099090576172
0.0022242069244384766
0.0010690689086914062
0.0018427371978759766
0.005935192108154297
0.0033190250396728516
0.0020923614501953125
0.003213644027709961
0.0031642913818359375
0.001718759536743164
0.0012044906616210938
0.002863168716430664
0.002830028533935547
0.0031194686889648438
0.005758762359619141
0.00522613525390625
0.0011894702911376953
0.0034945011138916016
0.0030972957611083984
0.0020956993103027344
0.0023272037506103516
0.0030422210693359375
0.0049746036529541016
0.002110004425048828
0.004056692123413086
0.004049777984619141
0.002892732620239258
0.0041501522064208984
0.001438140869140625
0.0030426979064941406
0.0010683536529541016
0.0013017654418945312
0.002925872802734375
0.002690553665161133
0.004794597625732422
0.003818511962890625
0.0015971660614013672
0.004955291748046875
0.0018007755279541016
0.0055582523345947266
0.0033349990844726562
0.001847982406616211
0.004819154739379883
0.0014023780822753906
0.004727363586425781
0.0049588680267333984
0.003823518753051758
0.0038509368896484375
0.0012636184692382812
0.0026121139526367188
0.0026397705078125
0.0018241405487060547
0.00447845458984375
0.0031349658966064453
0.0047457218170166016
0.0020635128021240234
0.0027933120727539062
0.00538945198059082
0.002028942108154297
0.0040912628173828125
0.002451658248901367
0.0033452510833740234
0.0029685497283935547
0.0014204978942871094
0.004612922668457031
0.0037910938262939453
0.002578258514404297
0.0011479854583740234
0.002733945846557617
0.004157543182373047
0.0026428699493408203
0.002506732940673828
0.0052411556243896484
0.0019905567169189453
0.0037622451782226562
0.002471923828125
0.0029306411743164062
0.005298137664794922
0.0018849372863769531
0.01160883903503418
0.0018355846405029297
0.002031564712524414
0.002275705337524414
0.0010821819305419922
0.006158113479614258
0.004179239273071289
0.0009350776672363281
0.005357980728149414
0.0010509490966796875
0.0026268959045410156
0.0012001991271972656
0.0009524822235107422
0.003203868865966797
0.0012576580047607422
0.005182743072509766
0.0017991065979003906
0.0014681816101074219
0.003230571746826172
0.000993967056274414
0.004641294479370117
0.001756429672241211
0.0016276836395263672
0.005905866622924805
0.0009613037109375
0.005588531494140625
0.005013227462768555
0.0008890628814697266
0.004433393478393555
0.0016562938690185547
0.0011534690856933594
0.002355813980102539
0.000911712646484375
0.0023546218872070312
0.004413127899169922
0.0016412734985351562
0.0020170211791992188
0.0009837150573730469
0.002049684524536133
0.0009305477142333984
0.0036363601684570312
0.0017685890197753906
0.0017108917236328125
0.006613016128540039
0.0010323524475097656
0.004057168960571289
0.003597259521484375
0.0035085678100585938
0.0014286041259765625
0.0012230873107910156
0.0014584064483642578
0.0028176307678222656
0.0008363723754882812
0.0008103847503662109
0.0012426376342773438
0.0014071464538574219
0.004838466644287109
0.0012791156768798828
0.0011320114135742188
0.002504587173461914
0.0019078254699707031
0.0035932064056396484
0.003324270248413086
0.0010113716125488281
0.0011723041534423828
0.00218963623046875
0.005690097808837891
0.0010061264038085938
0.0034334659576416016
0.0010371208190917969
0.0012824535369873047
0.0025110244750976562
0.0015611648559570312
0.0009124279022216797
0.0015494823455810547
0.0033600330352783203
0.006441831588745117
0.0011913776397705078
0.0009090900421142578
0.0020029544830322266
0.0016901493072509766
0.00559234619140625
0.0012922286987304688
0.002833127975463867
0.001176595687866211
0.0013396739959716797
0.003261089324951172
0.0016808509826660156
0.0031218528747558594
0.0018377304077148438
0.001958608627319336
0.003968477249145508
0.0014369487762451172
0.005541324615478516
0.00231170654296875
0.0019583702087402344
0.003350496292114258
0.0050394535064697266
0.0012052059173583984
0.0011162757873535156
0.0019390583038330078
0.002054929733276367
0.0011379718780517578
0.005766630172729492
0.001295328140258789
0.003765583038330078
0.004027366638183594
0.0024938583374023438
0.001008749008178711
0.0014314651489257812
0.001674652099609375
0.0047495365142822266
0.0018706321716308594
0.0008487701416015625
0.002645730972290039
0.002138376235961914
0.0014994144439697266
0.0015647411346435547
0.005013465881347656
0.0009148120880126953
0.005661725997924805
0.003278493881225586
0.0032541751861572266
0.0028569698333740234
0.0010197162628173828
0.005616664886474609
0.006678104400634766
0.005773305892944336
0.005018711090087891
0.0023827552795410156
0.0037517547607421875
0.0038743019104003906
0.0008909702301025391
0.002440214157104492
0.002695322036743164
0.004618167877197266
0.003694772720336914
0.0034377574920654297
0.002221345901489258
0.0023546218872070312
0.004869937896728516
0.0049152374267578125
0.001947641372680664
0.0017676353454589844
0.002034425735473633
0.005190849304199219
0.0030846595764160156
0.004221200942993164
0.003992557525634766
0.002801179885864258
0.004675388336181641
0.0033261775970458984
0.002115011215209961
0.004669189453125
0.002087116241455078
0.0026350021362304688
0.004084348678588867
0.0038230419158935547
0.004163265228271484
0.0039033889770507812
0.003983020782470703
0.0019059181213378906
0.0038442611694335938
0.003549814224243164
0.002405881881713867
0.003484964370727539
0.004593849182128906
0.0020935535430908203
0.0018379688262939453
0.0017390251159667969
0.0038661956787109375
0.0025377273559570312
0.0022535324096679688
0.0038793087005615234
0.0038018226623535156
0.0044825077056884766
0.002772808074951172
0.002062082290649414
0.0047299861907958984
0.008814573287963867
0.0055789947509765625
0.002202749252319336
0.0016632080078125
0.003054380416870117
0.003116607666015625
0.005594968795776367
0.003885030746459961
0.0019221305847167969
0.005712747573852539
0.003985166549682617
0.0054929256439208984
0.005293130874633789
0.002328157424926758
0.002002239227294922
0.0017294883728027344
0.002996683120727539
0.0020253658294677734
0.005575656890869141
0.002291440963745117
0.0026481151580810547
0.005301952362060547
0.004502773284912109
0.002225160598754883
0.002003192901611328
0.002310514450073242
0.0009775161743164062
0.0010051727294921875
0.000896453857421875
0.0053288936614990234
0.002408742904663086
0.0035283565521240234
0.0063631534576416016
0.0021924972534179688
0.0022809505462646484
0.002850055694580078
0.0025680065155029297
0.004274129867553711
0.0024232864379882812
0.002359151840209961
0.003361225128173828
0.007147312164306641
0.003863096237182617
0.0029747486114501953
0.0038683414459228516
0.0034542083740234375
0.002576589584350586
0.0029032230377197266
0.0011126995086669922
0.002566814422607422
0.002499103546142578
0.001981019973754883
0.002346515655517578
0.004555225372314453
0.0026366710662841797
0.0039310455322265625
0.003342866897583008
0.005352973937988281
0.0009891986846923828
0.004845619201660156
0.0009098052978515625
0.0038988590240478516
0.0042726993560791016
0.0030775070190429688
0.003974199295043945
0.004936695098876953
0.0034635066986083984
0.005357027053833008
0.003568887710571289
0.003984928131103516
0.00414586067199707
0.0010602474212646484
0.003138303756713867
0.0032503604888916016
0.004365444183349609
0.003358602523803711
0.006058454513549805
0.004805088043212891
0.004518032073974609
0.001842498779296875
0.004065752029418945
0.0041425228118896484
0.0025751590728759766
0.0027768611907958984
0.003233194351196289
0.0012812614440917969
0.003734111785888672
0.006148576736450195
0.004344463348388672
0.005278110504150391
0.002946138381958008
0.004233598709106445
0.003868579864501953
0.0026650428771972656
0.003609180450439453
0.0026962757110595703
0.0028603076934814453
0.004679679870605469
0.00958561897277832
0.0050580501556396484
0.002620697021484375
0.0024907588958740234
0.0035250186920166016
0.002626657485961914
0.0026688575744628906
0.0043544769287109375
0.0030202865600585938
0.0053713321685791016
0.0034334659576416016
0.0029828548431396484
0.005631208419799805
0.006173610687255859
0.003393888473510742
0.0012814998626708984
0.0026776790618896484
0.0026297569274902344
0.004366397857666016
0.002349376678466797
0.002513885498046875
0.003780841827392578
0.003138303756713867
0.004716634750366211
0.0046901702880859375
0.002504587173461914
0.004079580307006836
0.0026106834411621094
0.0024597644805908203
0.0035276412963867188
0.002714872360229492
0.002645730972290039
0.0018548965454101562
0.005105733871459961
0.00506138801574707
0.0021507740020751953
0.002248525619506836
0.002682924270629883
0.0048105716705322266
0.006004810333251953
0.004393339157104492
0.005368471145629883
0.004552125930786133
0.0030133724212646484
0.002566814422607422
0.004149436950683594
0.003144979476928711
0.0032300949096679688
0.00186920166015625
0.0022194385528564453
0.0053102970123291016
0.004877567291259766
0.0058171749114990234
0.004695892333984375
0.00437617301940918
0.0015158653259277344
0.00512242317199707
0.004485607147216797
0.002254486083984375
0.0019550323486328125
0.00342559814453125
0.002791166305541992
0.003612518310546875
0.006300210952758789
0.0044209957122802734
0.002727031707763672
0.0012874603271484375
0.003869771957397461
0.004032135009765625
0.0026144981384277344
0.003162860870361328
0.004854679107666016
0.003462076187133789
0.0052525997161865234
0.004048585891723633
0.0027513504028320312
0.005875110626220703
0.003913164138793945
0.005697011947631836
0.0024955272674560547
0.0031404495239257812
0.0011985301971435547
0.0012097358703613281
0.004767417907714844
0.002805948257446289
0.00398707389831543
0.0015399456024169922
0.002650737762451172
0.004447221755981445
0.005053520202636719
0.0023870468139648438
0.002293109893798828
0.0017783641815185547
0.003751039505004883
0.0035674571990966797
0.0024805068969726562
0.0017399787902832031
0.003117084503173828
0.004202127456665039
0.004438161849975586
0.0021338462829589844
0.0028028488159179688
0.0024352073669433594
0.0022351741790771484
0.0030868053436279297
0.0032291412353515625
0.007913827896118164
0.0044918060302734375
0.003446817398071289
0.0036826133728027344
0.0019328594207763672
0.0038938522338867188
0.0034759044647216797
0.0017294883728027344
0.003248929977416992
0.0027642250061035156
0.002688884735107422
0.005409717559814453
0.0024678707122802734
0.0023193359375
0.004178762435913086
0.0029158592224121094
0.0033409595489501953
0.0016925334930419922
0.005319833755493164
0.001909017562866211
0.0009610652923583984
0.004235982894897461
0.0025136470794677734
0.0031735897064208984
0.004189729690551758
0.0014579296112060547
0.0034117698669433594
0.005320549011230469
0.002897977828979492
0.0019316673278808594
0.0034780502319335938
0.0025322437286376953
0.002946615219116211
0.004003286361694336
0.0030519962310791016
0.002216339111328125
0.0051457881927490234
0.0022978782653808594
0.004315376281738281
0.0027146339416503906
0.0013155937194824219
0.0022194385528564453
0.0020325183868408203
0.0018646717071533203
0.002393484115600586
0.0012562274932861328
0.0023946762084960938
0.004239082336425781
0.0020346641540527344
0.004372119903564453
0.0015044212341308594
0.003206014633178711
0.003069162368774414
0.0028913021087646484
0.005113363265991211
0.0013151168823242188
0.0050830841064453125
0.002085447311401367
0.0034787654876708984
0.0030701160430908203
0.0012674331665039062
0.00393223762512207
0.003129720687866211
0.002168416976928711
0.003370046615600586
0.0014913082122802734
0.00465846061706543
0.0033626556396484375
0.0019223690032958984
0.005089521408081055
0.001990079879760742
0.0014903545379638672
0.0009262561798095703
0.0009794235229492188
0.0032622814178466797
0.0017056465148925781
0.002704143524169922
0.001306295394897461
0.0009791851043701172
