0.0018155574798583984
0.0011780261993408203
0.001981973648071289
0.003555774688720703
0.003675699234008789
0.004464149475097656
0.0038099288940429688
0.0038318634033203125
0.005064964294433594
0.0035555362701416016
0.003957033157348633
0.004068613052368164
0.0033807754516601562
0.003442049026489258
0.004353523254394531
0.003873109817504883
0.0034439563751220703
0.0035479068756103516
0.003481149673461914
0.004175662994384766
0.004311561584472656
0.002958059310913086
0.0028197765350341797
0.005942106246948242
0.003922939300537109
0.0033500194549560547
0.002930879592895508
0.003509521484375
0.003366708755493164
0.003974199295043945
0.004374027252197266
0.0026731491088867188
0.004354715347290039
0.0018641948699951172
0.0031151771545410156
0.0026025772094726562
0.003832578659057617
0.0010182857513427734
0.0035638809204101562
0.0013546943664550781
0.0033330917358398438
0.003946781158447266
0.0037376880645751953
0.003796100616455078
0.0037000179290771484
0.0009410381317138672
0.004222869873046875
0.0045757293701171875
0.0037832260131835938
0.002295255661010742
0.0013611316680908203
0.004010677337646484
0.004959583282470703
0.004826545715332031
0.004833698272705078
0.00458073616027832
0.0030574798583984375
0.00800466537475586
0.0011758804321289062
0.003962516784667969
0.00382232666015625
0.0042073726654052734
0.003420114517211914
0.004982948303222656
0.005547285079956055
0.002745389938354492
0.003716707229614258
0.00386810302734375
0.004148960113525391
0.004639148712158203
0.004621982574462891
0.0071904659271240234
0.0050182342529296875
0.003051280975341797
0.005018949508666992
0.006464719772338867
0.004876136779785156
0.001210927963256836
0.003881216049194336
0.0020873546600341797
0.003832101821899414
0.0045223236083984375
0.004056215286254883
0.004310131072998047
0.0046825408935546875
0.005584239959716797
0.005096912384033203
0.00505375862121582
0.005214691162109375
0.003937721252441406
0.0032088756561279297
0.0031130313873291016
0.004168987274169922
0.003441333770751953
0.0033512115478515625
0.004602193832397461
0.003491640090942383
0.00414729118347168
0.004151821136474609
0.004108905792236328
0.004283428192138672
0.004564046859741211
0.0053255558013916016
0.006838560104370117
0.006281614303588867
0.003576040267944336
0.0016641616821289062
0.009027242660522461
0.005394458770751953
0.004171133041381836
0.006109952926635742
0.006336688995361328
0.010885477066040039
0.006236553192138672
0.007819890975952148
0.006612062454223633
0.009355545043945312
0.005977153778076172
0.005001544952392578
0.005295515060424805
0.002668619155883789
0.0033066272735595703
0.002104520797729492
0.0015838146209716797
0.0026063919067382812
0.0030663013458251953
0.004590034484863281
0.005776643753051758
0.0038967132568359375
0.003835916519165039
0.0044710636138916016
0.0035555362701416016
0.003740072250366211
0.0021076202392578125
0.004206657409667969
0.003698110580444336
0.003854990005493164
0.0048253536224365234
0.003488779067993164
0.004750967025756836
0.003416776657104492
0.005105495452880859
0.004213094711303711
0.0033104419708251953
0.0024874210357666016
0.0017044544219970703
0.0027093887329101562
0.0014541149139404297
0.0012850761413574219
0.0017848014831542969
0.0013201236724853516
0.0013234615325927734
0.001796722412109375
0.0040857791900634766
0.0015711784362792969
0.0022187232971191406
0.001913309097290039
0.0013782978057861328
0.0014193058013916016
0.0024955272674560547
0.0011031627655029297
0.0016045570373535156
