0.0011196136474609375
0.0015554428100585938
0.001604318618774414
0.0018017292022705078
0.0010876655578613281
0.002457141876220703
0.002116680145263672
0.0035123825073242188
0.0017271041870117188
0.0008893013000488281
0.0009541511535644531
0.0010809898376464844
0.0010640621185302734
0.0015761852264404297
0.001100778579711914
0.0016326904296875
0.0011811256408691406
0.0012354850769042969
0.0011887550354003906
0.0009646415710449219
0.0011050701141357422
0.0016868114471435547
0.0028269290924072266
0.00107574462890625
0.0012309551239013672
0.0010762214660644531
0.001416921615600586
0.0044782161712646484
0.0015456676483154297
0.0014715194702148438
0.001993894577026367
0.0010597705841064453
0.002563953399658203
0.0020456314086914062
0.0014238357543945312
0.0011756420135498047
0.0010180473327636719
0.003525972366333008
0.0011861324310302734
0.002110719680786133
0.001856088638305664
0.0015811920166015625
0.0018062591552734375
0.0017464160919189453
0.0015060901641845703
0.002126455307006836
0.0012557506561279297
0.003420591354370117
0.0023894309997558594
0.0017671585083007812
0.0023391246795654297
0.00180816650390625
0.0024178028106689453
0.001140594482421875
0.0009238719940185547
0.0015633106231689453
0.0010516643524169922
0.0039520263671875
0.0021386146545410156
0.0019061565399169922
0.001901865005493164
0.0010187625885009766
0.0047607421875
0.0019690990447998047
0.0015254020690917969
0.0013818740844726562
0.001074075698852539
0.004436016082763672
0.00395512580871582
0.0033102035522460938
0.003833770751953125
0.0010592937469482422
0.0038650035858154297
0.0016551017761230469
0.002663135528564453
0.003815174102783203
0.001138448715209961
0.004571676254272461
0.0037093162536621094
0.0018322467803955078
0.0018208026885986328
0.001062154769897461
0.00426483154296875
0.0025582313537597656
0.0035986900329589844
0.0014712810516357422
0.0018389225006103516
0.004755496978759766
0.0018031597137451172
0.00397181510925293
0.004217863082885742
0.0012497901916503906
0.0025017261505126953
0.0019419193267822266
0.0035665035247802734
0.0029692649841308594
0.0027875900268554688
0.004282474517822266
0.003909111022949219
0.0037696361541748047
0.0026662349700927734
0.001401662826538086
0.003076314926147461
0.001413106918334961
0.0041043758392333984
0.0025680065155029297
0.0022172927856445312
0.0034906864166259766
0.003536224365234375
0.0023517608642578125
0.003651142120361328
0.0030562877655029297
0.003673553466796875
0.001329183578491211
0.0009996891021728516
0.003958702087402344
0.0020990371704101562
0.0033960342407226562
0.004174232482910156
0.0037679672241210938
0.0040130615234375
0.0036971569061279297
0.0037009716033935547
0.0020294189453125
0.003790616989135742
0.005831480026245117
0.003727436065673828
0.0033478736877441406
0.0036475658416748047
0.004739522933959961
0.004815101623535156
0.004124641418457031
0.0035142898559570312
0.0049190521240234375
0.0035758018493652344
0.003943443298339844
0.003650665283203125
0.0024673938751220703
0.004191398620605469
0.004036426544189453
0.004846334457397461
0.003855466842651367
0.004708528518676758
0.0035142898559570312
0.0039708614349365234
0.004391908645629883
0.0030689239501953125
0.0034711360931396484
0.004137754440307617
0.0037751197814941406
0.0028710365295410156
0.004225730895996094
0.003644704818725586
0.0032787322998046875
0.0037741661071777344
0.004498958587646484
0.0036492347717285156
0.003374814987182617
0.004004240036010742
0.004229545593261719
0.003561258316040039
0.007555246353149414
0.003457307815551758
0.004588603973388672
0.0014677047729492188
0.0012159347534179688
0.003766298294067383
0.0026428699493408203
0.0020906925201416016
0.0013797283172607422
0.0035598278045654297
0.0017516613006591797
0.003530263900756836
0.0013637542724609375
0.0011854171752929688
0.0033261775970458984
0.0039288997650146484
0.003822803497314453
0.0034723281860351562
0.0011975765228271484
0.0014109611511230469
0.003757953643798828
0.0033359527587890625
0.003687620162963867
0.0013277530670166016
0.0018243789672851562
0.0033228397369384766
0.003731966018676758
0.0035278797149658203
0.0017731189727783203
0.004116058349609375
0.0035369396209716797
0.00362396240234375
0.0010471343994140625
0.0010099411010742188
0.0016553401947021484
0.0016431808471679688
0.003496408462524414
0.003602266311645508
0.001195669174194336
0.002277374267578125
0.002429485321044922
0.0035746097564697266
0.0033974647521972656
0.001104593276977539
0.003579854965209961
0.0037517547607421875
0.0034210681915283203
0.00394439697265625
0.004424571990966797
0.0037043094635009766
0.0033965110778808594
0.0035538673400878906
0.004395246505737305
0.003024578094482422
0.004800081253051758
0.003365039825439453
0.004691600799560547
0.004030704498291016
0.0018084049224853516
0.0033774375915527344
0.004498481750488281
0.0033159255981445312
0.0036878585815429688
0.0036172866821289062
0.003823995590209961
0.0039827823638916016
0.0033528804779052734
0.0038101673126220703
0.003170490264892578
0.004350423812866211
0.0033864974975585938
0.0032808780670166016
0.003448486328125
0.0011525154113769531
0.004029273986816406
0.003434419631958008
0.0035026073455810547
0.002277374267578125
0.0041675567626953125
0.003030061721801758
0.0035386085510253906
0.0035774707794189453
0.004082918167114258
0.004286527633666992
0.0022928714752197266
0.0033528804779052734
0.0033674240112304688
0.004123687744140625
0.0037779808044433594
0.0029621124267578125
0.0037810802459716797
0.004094839096069336
0.004058122634887695
0.00423431396484375
0.0023458003997802734
0.0032346248626708984
0.004113674163818359
0.003459453582763672
0.003139972686767578
0.002293109893798828
0.0019073486328125
0.004633903503417969
0.0037581920623779297
0.003475189208984375
0.0033206939697265625
0.002706289291381836
0.0036749839782714844
0.00587010383605957
0.003894805908203125
0.003874540328979492
0.0033872127532958984
0.0035626888275146484
0.0030083656311035156
0.0039997100830078125
0.003347158432006836
0.0034079551696777344
0.004196882247924805
0.0037636756896972656
0.005127668380737305
0.0024776458740234375
0.003602266311645508
0.003599882125854492
0.004209756851196289
0.002316713333129883
0.004698991775512695
0.004518985748291016
0.003424406051635742
0.00464630126953125
0.003598451614379883
0.002485036849975586
0.003418445587158203
0.004109621047973633
0.0041997432708740234
0.003393888473510742
0.0021965503692626953
0.004238605499267578
0.003854990005493164
0.0025098323822021484
0.002685546875
0.0013439655303955078
0.004247903823852539
0.0035858154296875
0.0026612281799316406
0.0010600090026855469
0.0035600662231445312
0.002218008041381836
0.003790140151977539
0.003347158432006836
0.0011889934539794922
0.003968477249145508
0.002351999282836914
0.003500699996948242
0.0022444725036621094
0.00262451171875
0.0026183128356933594
0.0017311573028564453
0.0029745101928710938
0.002105712890625
0.0038785934448242188
0.0033643245697021484
0.0014412403106689453
0.004422903060913086
0.0016396045684814453
0.0030181407928466797
0.0012731552124023438
0.0031969547271728516
0.0017893314361572266
0.0016798973083496094
0.0034058094024658203
0.0014081001281738281
0.00122833251953125
0.0020074844360351562
0.0013709068298339844
0.003498077392578125
0.0013461112976074219
0.0037508010864257812
0.004524707794189453
0.0014307498931884766
0.0010101795196533203
0.0013222694396972656
0.0012729167938232422
0.003887176513671875
0.0020232200622558594
0.0016064643859863281
0.0012710094451904297
0.004090070724487305
0.0037567615509033203
0.002937793731689453
0.0022346973419189453
0.0031948089599609375
0.002720355987548828
0.004008293151855469
0.0016694068908691406
0.0018494129180908203
0.0015044212341308594
0.0020685195922851562
0.003534078598022461
0.002725362777709961
0.0017895698547363281
0.0023050308227539062
0.003421306610107422
0.003584146499633789
0.0029773712158203125
0.001154184341430664
0.0017695426940917969
0.0036208629608154297
0.0035610198974609375
0.002116680145263672
0.001680135726928711
0.002189159393310547
0.003987789154052734
0.0036935806274414062
0.004419565200805664
0.0034842491149902344
0.002246379852294922
0.003175020217895508
0.0037207603454589844
0.0041656494140625
0.003648519515991211
0.0032806396484375
0.002749204635620117
0.003983259201049805
0.0033881664276123047
0.002143383026123047
0.0021202564239501953
0.003916501998901367
0.003705263137817383
0.003732919692993164
0.003881216049194336
0.0045282840728759766
0.0024175643920898438
0.003520488739013672
0.0010581016540527344
0.004238605499267578
0.0028769969940185547
0.0017962455749511719
0.0034050941467285156
0.004316806793212891
0.0024476051330566406
0.0027718544006347656
0.0027282238006591797
0.0036568641662597656
0.002993345260620117
0.002206087112426758
0.004042148590087891
0.0013680458068847656
0.0032906532287597656
0.003955364227294922
0.0033426284790039062
0.0017404556274414062
0.0018808841705322266
0.0033178329467773438
0.0036444664001464844
0.0018646717071533203
0.0042724609375
0.0011289119720458984
0.0036025047302246094
0.0030059814453125
0.0037221908569335938
0.0025186538696289062
0.001163482666015625
0.003942728042602539
0.002368927001953125
0.001984119415283203
0.002254486083984375
0.004520416259765625
0.004351139068603516
0.0033740997314453125
0.0011358261108398438
0.0015532970428466797
0.0012884140014648438
0.0036857128143310547
0.0025353431701660156
0.0033140182495117188
0.0038690567016601562
0.0011379718780517578
0.003365755081176758
0.0027010440826416016
0.002322673797607422
0.0011630058288574219
0.0017724037170410156
0.003068208694458008
0.0037899017333984375
0.0037457942962646484
0.004485130310058594
0.001125335693359375
0.0010499954223632812
0.0009686946868896484
0.0010042190551757812
0.0013566017150878906
0.00475621223449707
0.0012233257293701172
0.0037517547607421875
0.0011258125305175781
0.0037431716918945312
0.0013072490692138672
0.0028731822967529297
0.0036978721618652344
0.003796815872192383
0.0010113716125488281
0.0011065006256103516
0.0018188953399658203
0.004531145095825195
0.0012466907501220703
0.0010576248168945312
0.0010499954223632812
0.003145933151245117
0.0016357898712158203
0.001211404800415039
0.0013127326965332031
0.004007577896118164
0.0015566349029541016
0.0043985843658447266
0.0038461685180664062
0.004022836685180664
0.0017428398132324219
0.0016264915466308594
0.0035581588745117188
0.001073598861694336
0.00106048583984375
0.0015897750854492188
0.00141143798828125
0.0042302608489990234
0.003200054168701172
0.0010554790496826172
0.0015482902526855469
0.0013930797576904297
0.004461765289306641
0.0015406608581542969
0.0011796951293945312
0.0013802051544189453
0.001474618911743164
0.003994941711425781
0.0018606185913085938
0.001064300537109375
0.0034012794494628906
0.0034508705139160156
0.003740072250366211
0.002140522003173828
0.0011832714080810547
0.003326416015625
0.0025992393493652344
0.0034880638122558594
0.0018181800842285156
0.0012044906616210938
0.0015251636505126953
0.0015156269073486328
0.0034248828887939453
0.0012919902801513672
0.0015723705291748047
0.003241300582885742
0.001772165298461914
0.003911018371582031
0.0014066696166992188
0.004088640213012695
0.002202272415161133
0.001287221908569336
0.0036728382110595703
0.0042188167572021484
0.003269672393798828
0.0011606216430664062
0.0020508766174316406
0.004039764404296875
0.0018761157989501953
0.0024111270904541016
0.0016634464263916016
0.0013916492462158203
0.003342866897583008
0.004023075103759766
0.003480195999145508
0.0033042430877685547
0.0034694671630859375
0.0058858394622802734
0.0046329498291015625
0.003052234649658203
0.003532886505126953
0.002282381057739258
0.0040493011474609375
0.003315448760986328
0.0034415721893310547
0.003708362579345703
0.004200935363769531
0.0032787322998046875
0.003820657730102539
0.003459930419921875
0.0038938522338867188
0.00351715087890625
0.0034132003784179688
0.003971099853515625
0.003381967544555664
0.00490260124206543
0.0035047531127929688
0.003377199172973633
0.0035851001739501953
0.004163265228271484
0.0032503604888916016
0.0033419132232666016
0.0036172866821289062
0.004095792770385742
0.0037958621978759766
0.00424647331237793
0.0036559104919433594
0.003969430923461914
0.004142045974731445
0.003428936004638672
0.003428220748901367
0.003358125686645508
0.004115581512451172
0.003213644027709961
0.0033578872680664062
0.0034368038177490234
0.004411458969116211
0.0038182735443115234
0.0014770030975341797
0.0038089752197265625
0.003814697265625
0.004012584686279297
0.003466367721557617
0.003923654556274414
0.0016062259674072266
0.0036270618438720703
0.00440526008605957
0.0034513473510742188
0.003555774688720703
0.0034914016723632812
0.003194093704223633
0.0034177303314208984
0.0026702880859375
0.0037500858306884766
0.0043795108795166016
0.002131938934326172
0.0037937164306640625
0.003467559814453125
0.0036695003509521484
0.0050122737884521484
0.0033178329467773438
0.0034334659576416016
0.003612518310546875
0.0036764144897460938
0.003705739974975586
0.003425121307373047
0.003588438034057617
0.0037975311279296875
0.0036470890045166016
0.0042574405670166016
0.0033359527587890625
0.003644704818725586
0.0041124820709228516
0.003377199172973633
0.003596782684326172
0.0025832653045654297
0.00443267822265625
0.0034112930297851562
0.003508329391479492
0.0023164749145507812
0.00411224365234375
0.003678560256958008
0.003206491470336914
0.003493070602416992
0.0032317638397216797
0.004230499267578125
0.0031948089599609375
0.0035963058471679688
0.0034492015838623047
0.004253864288330078
0.0035331249237060547
0.0039370059967041016
0.0037145614624023438
0.004048347473144531
0.003981113433837891
0.0038604736328125
0.0033953189849853516
0.0037474632263183594
0.003966093063354492
0.003529787063598633
0.003393888473510742
0.003349781036376953
0.004191160202026367
0.0034499168395996094
0.0037186145782470703
0.0034513473510742188
0.004465579986572266
0.0011415481567382812
0.003525257110595703
0.003761768341064453
0.0033779144287109375
0.004387378692626953
0.0035562515258789062
0.0033676624298095703
0.003625154495239258
0.0012831687927246094
0.004500389099121094
0.003469705581665039
0.003340482711791992
0.003693103790283203
0.003902435302734375
0.0036318302154541016
0.0035359859466552734
0.0034461021423339844
0.004298210144042969
0.0032126903533935547
0.0034885406494140625
0.0035774707794189453
0.0043256282806396484
0.003292083740234375
0.0015892982482910156
0.002463817596435547
0.0037539005279541016
0.005122184753417969
0.0031867027282714844
0.0020329952239990234
0.0040018558502197266
0.0035386085510253906
0.002668142318725586
0.003383159637451172
0.0024139881134033203
0.003976345062255859
0.0038526058197021484
0.003597259521484375
0.0035555362701416016
0.003514528274536133
0.0038771629333496094
0.0019974708557128906
0.0034875869750976562
0.0031387805938720703
0.0059490203857421875
0.004206657409667969
0.0037889480590820312
0.0033905506134033203
0.0012476444244384766
0.0033249855041503906
0.004880428314208984
0.0037870407104492188
0.0037534236907958984
0.0023260116577148438
0.0010712146759033203
0.001817464828491211
0.001233816146850586
0.004269123077392578
0.0037517547607421875
0.0013821125030517578
0.0012035369873046875
