0.0012078285217285156
0.0014638900756835938
0.004715442657470703
0.004003047943115234
0.0038101673126220703
0.0043866634368896484
0.0040361881256103516
0.0041408538818359375
0.0009663105010986328
0.002852201461791992
0.0012364387512207031
0.0037965774536132812
0.0037047863006591797
0.002468585968017578
0.0035600662231445312
0.0009043216705322266
0.004214763641357422
0.0012881755828857422
0.002451658248901367
0.0018963813781738281
0.001775979995727539
0.0015347003936767578
0.0020711421966552734
0.001027822494506836
0.0009865760803222656
0.002390146255493164
0.002419710159301758
0.0041997432708740234
0.0022950172424316406
0.002041339874267578
0.0032558441162109375
0.002221345901489258
0.002566099166870117
0.0035400390625
0.0043714046478271484
0.002907991409301758
0.00467371940612793
0.004254579544067383
0.004175901412963867
0.004651308059692383
0.0024154186248779297
0.002427816390991211
0.0035791397094726562
0.002599954605102539
0.0040645599365234375
0.001058816909790039
0.003429412841796875
0.004323005676269531
0.0022377967834472656
0.0019643306732177734
0.003388643264770508
0.005168437957763672
0.004069328308105469
0.0032837390899658203
0.0030832290649414062
0.003798961639404297
0.0042116641998291016
0.0010232925415039062
0.0018382072448730469
0.0010700225830078125
0.002594470977783203
0.003503084182739258
0.004154205322265625
0.003491640090942383
0.003361225128173828
0.0036313533782958984
0.0034635066986083984
0.005257129669189453
0.003529071807861328
0.0017442703247070312
0.004978179931640625
0.0034215450286865234
0.003634929656982422
0.003645658493041992
0.002327442169189453
0.003414630889892578
0.003793001174926758
0.0017402172088623047
0.0033991336822509766
0.004168033599853516
0.0048065185546875
0.0034224987030029297
0.0045452117919921875
0.0034775733947753906
0.0033969879150390625
0.003908395767211914
0.004000425338745117
0.004213809967041016
0.004580020904541016
0.003481626510620117
0.0031197071075439453
0.004218101501464844
0.0030961036682128906
0.004412412643432617
0.0010356903076171875
0.0037429332733154297
0.002434253692626953
0.004482269287109375
0.0037381649017333984
0.002668619155883789
0.0039746761322021484
0.003958940505981445
0.004210710525512695
0.002846956253051758
0.004098176956176758
0.003686666488647461
0.004100799560546875
0.0040929317474365234
0.004685401916503906
0.0034716129302978516
0.0020287036895751953
0.002371549606323242
0.0031540393829345703
0.0017185211181640625
0.0010943412780761719
0.004692554473876953
0.00359344482421875
0.0037555694580078125
0.0030574798583984375
0.002393007278442383
0.0016889572143554688
0.002847433090209961
0.0014989376068115234
0.0041561126708984375
0.003706693649291992
0.003365039825439453
0.0011610984802246094
0.0009291172027587891
0.0009679794311523438
0.003466367721557617
0.0030586719512939453
0.004779815673828125
0.0011255741119384766
0.0009868144989013672
0.002356290817260742
0.0028209686279296875
0.004616737365722656
0.0045964717864990234
0.004540920257568359
0.0009844303131103516
0.0008909702301025391
0.004446744918823242
0.0010197162628173828
0.0009434223175048828
0.0008597373962402344
0.0010411739349365234
0.0009386539459228516
0.0026397705078125
0.002075672149658203
0.0012216567993164062
0.0010159015655517578
0.0019092559814453125
0.0023314952850341797
0.0012025833129882812
0.0011069774627685547
0.0010654926300048828
0.0009305477142333984
0.0037817955017089844
0.001148223876953125
0.0008871555328369141
0.004270792007446289
0.0009365081787109375
