0.001641988754272461
0.0013151168823242188
0.001531839370727539
0.0018596649169921875
0.0018436908721923828
0.0016393661499023438
0.003765106201171875
0.0012500286102294922
0.0014951229095458984
0.002696990966796875
0.0025026798248291016
0.0015141963958740234
0.0015559196472167969
0.0010340213775634766
0.0012750625610351562
0.001392364501953125
0.0045087337493896484
0.0009968280792236328
0.0011036396026611328
0.0013835430145263672
0.0019559860229492188
0.004253864288330078
0.001893758773803711
0.001703500747680664
0.0011305809020996094
0.0027773380279541016
0.0041315555572509766
0.0053484439849853516
0.0016703605651855469
0.0012428760528564453
0.0020232200622558594
0.004058361053466797
0.0029954910278320312
0.0014712810516357422
0.0018856525421142578
0.0016608238220214844
0.004034996032714844
0.0014595985412597656
0.0018413066864013672
0.0015385150909423828
0.001737833023071289
0.0038683414459228516
0.0014426708221435547
0.0025861263275146484
0.0014102458953857422
0.0016391277313232422
0.003595590591430664
0.0016126632690429688
0.0015904903411865234
0.0015518665313720703
0.0014705657958984375
0.0036830902099609375
0.001802206039428711
0.001310586929321289
0.0042378902435302734
0.002133607864379883
0.003330230712890625
0.0014526844024658203
0.0011539459228515625
0.0014219284057617188
0.002255678176879883
0.003363370895385742
0.0019028186798095703
0.0019178390502929688
0.0018875598907470703
0.0024187564849853516
0.004972934722900391
0.0017194747924804688
0.0011515617370605469
0.001741647720336914
0.0020759105682373047
0.0068171024322509766
0.0017807483673095703
0.001537322998046875
0.0024988651275634766
0.0016400814056396484
0.004707813262939453
0.0019423961639404297
0.0030069351196289062
0.0015523433685302734
0.002406597137451172
0.004332542419433594
0.0046198368072509766
0.0021550655364990234
0.0019898414611816406
0.0038840770721435547
0.004656553268432617
0.004056692123413086
0.002459287643432617
0.002646207809448242
0.0048291683197021484
0.004709959030151367
0.003346681594848633
0.0016095638275146484
0.0038297176361083984
0.001659393310546875
0.004286527633666992
0.0036919116973876953
0.0018846988677978516
0.004046440124511719
0.0014767646789550781
0.004953861236572266
0.0036466121673583984
0.0018572807312011719
0.0010428428649902344
0.0012111663818359375
0.004495859146118164
0.002284526824951172
0.0011982917785644531
0.004204988479614258
0.001008749008178711
0.004796266555786133
0.005346775054931641
0.0035881996154785156
0.001039266586303711
0.0013403892517089844
0.00427556037902832
0.003866910934448242
0.0015408992767333984
0.004216194152832031
0.0011827945709228516
0.004202365875244141
0.004418611526489258
0.0015573501586914062
0.0010559558868408203
0.0010128021240234375
0.001539468765258789
0.006032466888427734
0.0021958351135253906
0.0012729167938232422
0.001209259033203125
0.002215862274169922
0.004556894302368164
0.0032444000244140625
0.0012176036834716797
0.001222848892211914
0.002101421356201172
0.004403591156005859
0.0010347366333007812
0.0010981559753417969
0.0011870861053466797
0.0019559860229492188
0.004851579666137695
0.0013501644134521484
0.0010437965393066406
0.0011677742004394531
0.0014688968658447266
0.0037724971771240234
0.0015189647674560547
0.004196882247924805
0.0011169910430908203
0.001645803451538086
0.0033752918243408203
0.0012373924255371094
0.0015861988067626953
0.0013642311096191406
0.0015561580657958984
0.0035920143127441406
0.0012829303741455078
0.0013434886932373047
0.0021262168884277344
0.0016732215881347656
0.0034842491149902344
0.0015130043029785156
0.004220008850097656
0.008679628372192383
0.007120609283447266
0.001237630844116211
0.001851797103881836
0.004051923751831055
0.0014019012451171875
0.0009298324584960938
0.003528118133544922
0.003328084945678711
0.0013730525970458984
0.0022585391998291016
0.0023124217987060547
0.0032672882080078125
0.001590728759765625
0.003911018371582031
0.002490520477294922
0.001247406005859375
0.0033826828002929688
0.0029010772705078125
0.0023021697998046875
0.002371072769165039
0.0031664371490478516
0.0034754276275634766
0.0035054683685302734
0.0011813640594482422
0.0045337677001953125
0.0019378662109375
0.001012563705444336
0.001264333724975586
0.0014650821685791016
0.0044214725494384766
0.0031485557556152344
0.003976583480834961
0.0036191940307617188
0.00790858268737793
0.004423379898071289
0.0034432411193847656
0.0036878585815429688
0.0034453868865966797
0.0041844844818115234
0.0035009384155273438
0.004176616668701172
0.0033135414123535156
0.0041656494140625
0.003107786178588867
0.002109050750732422
0.0038259029388427734
0.003976583480834961
0.003874540328979492
0.0033681392669677734
0.003419160842895508
0.004178762435913086
0.0038292407989501953
0.0035991668701171875
0.0035729408264160156
0.003882169723510742
0.004530906677246094
0.003405332565307617
0.0032668113708496094
0.0034084320068359375
0.0038530826568603516
0.0039653778076171875
0.003632783889770508
0.003490447998046875
0.0036420822143554688
0.004147052764892578
0.0034818649291992188
0.0037353038787841797
0.0031409263610839844
0.003942012786865234
0.0035893917083740234
0.0034096240997314453
0.003439664840698242
0.00413060188293457
0.0014004707336425781
0.003320932388305664
0.003381013870239258
0.0038475990295410156
0.0042574405670166016
0.0028922557830810547
0.0048389434814453125
0.0030317306518554688
0.004129886627197266
0.0036568641662597656
0.003793954849243164
0.003873109817504883
0.003373384475708008
0.004445314407348633
0.0032923221588134766
0.0036356449127197266
0.0036284923553466797
0.0045893192291259766
0.0033063888549804688
0.0022478103637695312
0.003663778305053711
0.004035234451293945
0.004341602325439453
0.0020401477813720703
0.004046440124511719
0.003946781158447266
0.0045125484466552734
0.0040853023529052734
0.0034232139587402344
0.0025784969329833984
0.004891395568847656
0.0033941268920898438
0.002239227294921875
0.004136562347412109
0.0035436153411865234
0.004191398620605469
0.003923177719116211
0.0017473697662353516
0.0034227371215820312
0.004332780838012695
0.003699779510498047
0.003381490707397461
0.0035119056701660156
0.004050731658935547
0.003399372100830078
0.0036301612854003906
0.003729581832885742
0.0034520626068115234
0.004083156585693359
0.003656625747680664
0.0032935142517089844
0.0034935474395751953
0.0047147274017333984
0.0035827159881591797
0.003506183624267578
0.003464937210083008
0.0041120052337646484
0.0030133724212646484
0.003320932388305664
0.0016832351684570312
0.00495147705078125
0.0038270950317382812
0.0009641647338867188
0.0021028518676757812
0.003932476043701172
0.004526376724243164
0.003408193588256836
0.0032770633697509766
0.0036804676055908203
0.004264354705810547
0.0033240318298339844
0.003255605697631836
0.003592252731323242
0.0027298927307128906
0.00414729118347168
0.0034093856811523438
0.003655672073364258
0.0031387805938720703
0.0043582916259765625
0.0038542747497558594
0.0034728050231933594
0.0017361640930175781
0.004006147384643555
0.004033803939819336
0.003699064254760742
0.0033364295959472656
0.0033807754516601562
0.0041332244873046875
0.006345272064208984
0.004008054733276367
0.001926422119140625
0.00160980224609375
0.003362417221069336
0.004102945327758789
0.003395557403564453
0.004078865051269531
0.0040056705474853516
0.003892183303833008
0.0035991668701171875
0.0036859512329101562
0.00439453125
0.001361846923828125
0.003949642181396484
0.00344085693359375
0.0016651153564453125
0.004210948944091797
0.0033326148986816406
0.003336668014526367
0.0022351741790771484
0.0039370059967041016
0.003640413284301758
0.003356456756591797
0.003371715545654297
0.0043299198150634766
0.0035576820373535156
0.0032739639282226562
0.003568410873413086
0.004084587097167969
0.004388570785522461
0.0037250518798828125
0.003757953643798828
0.003546476364135742
0.003647327423095703
0.0036253929138183594
0.0033845901489257812
0.0037550926208496094
0.004594087600708008
0.0031347274780273438
0.003234386444091797
0.003746509552001953
0.004465818405151367
0.003958463668823242
0.0034041404724121094
0.0037195682525634766
0.003702402114868164
0.003920555114746094
0.003800630569458008
0.0034542083740234375
0.0033371448516845703
0.004071235656738281
0.0035698413848876953
0.003244161605834961
0.0033731460571289062
0.004307270050048828
0.0031523704528808594
0.0037496089935302734
0.003631591796875
0.0042192935943603516
0.0036377906799316406
0.003820180892944336
0.003599882125854492
0.004791259765625
0.0015997886657714844
0.0044558048248291016
0.0022716522216796875
0.004544734954833984
0.0045070648193359375
0.0030972957611083984
0.0033316612243652344
0.003318309783935547
0.0041735172271728516
0.0037584304809570312
0.004342079162597656
0.0033931732177734375
0.003901243209838867
0.003412961959838867
0.0037806034088134766
0.0028076171875
0.0038988590240478516
0.003927946090698242
0.0034079551696777344
0.002644062042236328
0.0012712478637695312
0.0021240711212158203
0.0035598278045654297
0.003263235092163086
0.003317594528198242
0.0031037330627441406
0.004261016845703125
0.0032444000244140625
0.003173828125
0.0031545162200927734
0.0014429092407226562
0.0015184879302978516
0.00371551513671875
0.0022325515747070312
0.003971576690673828
0.0041577816009521484
0.0033233165740966797
0.0012629032135009766
0.0034797191619873047
0.0033369064331054688
0.004012346267700195
0.0026657581329345703
0.0031707286834716797
0.0034623146057128906
0.0040204524993896484
0.003473043441772461
0.002399444580078125
0.0034041404724121094
0.003197193145751953
0.0030069351196289062
0.003467559814453125
0.0036454200744628906
0.0034334659576416016
0.004125356674194336
0.002251863479614258
0.0009806156158447266
0.0009410381317138672
0.0013265609741210938
0.0033402442932128906
0.004615068435668945
0.0034503936767578125
0.0032837390899658203
0.0033006668090820312
0.0044515132904052734
0.003645658493041992
0.003604412078857422
0.0035829544067382812
0.004774570465087891
0.0013873577117919922
0.0037102699279785156
0.003532886505126953
0.0034101009368896484
0.004538536071777344
0.0037872791290283203
0.0032646656036376953
0.0033502578735351562
0.00421905517578125
0.0027191638946533203
0.003663301467895508
0.0035653114318847656
0.003675222396850586
0.0040700435638427734
0.003458738327026367
0.0012195110321044922
0.003662586212158203
0.00473475456237793
0.00395655632019043
0.0033986568450927734
0.0010275840759277344
0.003993511199951172
0.004175662994384766
0.0036313533782958984
0.003437042236328125
0.003524303436279297
0.004095315933227539
0.002290487289428711
0.003583192825317383
0.003507375717163086
0.0012547969818115234
0.003868579864501953
0.0018315315246582031
0.0032842159271240234
0.003757953643798828
0.0014514923095703125
0.003730297088623047
0.003568887710571289
0.0035753250122070312
0.004103183746337891
0.0014069080352783203
0.0038530826568603516
0.003598451614379883
0.0038836002349853516
0.0044100284576416016
0.006681203842163086
0.003410816192626953
0.003641366958618164
0.003491640090942383
0.00410914421081543
0.0011947154998779297
0.00272369384765625
0.0035562515258789062
0.00400090217590332
0.0037980079650878906
0.0010499954223632812
0.002194643020629883
0.0015437602996826172
0.004384279251098633
0.003964662551879883
0.0011756420135498047
0.0022706985473632812
0.0035982131958007812
0.00416874885559082
0.0034716129302978516
0.0010292530059814453
0.002416849136352539
0.003286123275756836
0.0044307708740234375
0.003480195999145508
0.0013895034790039062
0.0036177635192871094
0.003797769546508789
0.003688335418701172
0.003275156021118164
0.0011458396911621094
0.0033648014068603516
0.004415750503540039
0.003479480743408203
0.004475116729736328
0.0014324188232421875
0.0037331581115722656
0.0036416053771972656
0.01191258430480957
0.003477811813354492
0.003924846649169922
0.004217863082885742
0.0037145614624023438
0.00330352783203125
0.003753185272216797
0.0013196468353271484
0.004567146301269531
0.0037887096405029297
0.003618001937866211
0.003605365753173828
0.004923582077026367
0.0037107467651367188
0.004374265670776367
0.0015943050384521484
0.003916501998901367
0.00215911865234375
0.003497600555419922
0.0034754276275634766
0.00432586669921875
0.004181623458862305
0.0031023025512695312
0.0035178661346435547
0.0038356781005859375
0.0041768550872802734
0.003821849822998047
0.003464221954345703
0.003937244415283203
0.004778146743774414
0.0013480186462402344
0.0031769275665283203
0.002897500991821289
0.0038089752197265625
0.003926753997802734
0.0012173652648925781
0.0035924911499023438
0.003927469253540039
0.004522800445556641
0.004155874252319336
0.0010900497436523438
0.0013387203216552734
0.003433704376220703
0.0035986900329589844
0.00441288948059082
0.0010652542114257812
0.003811359405517578
0.0033941268920898438
0.003420114517211914
0.00502777099609375
0.001020669937133789
0.003806591033935547
0.003590822219848633
0.004253864288330078
0.004065036773681641
0.0010340213775634766
0.0010390281677246094
0.00414586067199707
0.004876613616943359
0.0037262439727783203
0.0033402442932128906
0.0022101402282714844
0.00429844856262207
0.003793001174926758
0.0044286251068115234
0.0013747215270996094
0.003772735595703125
0.004386186599731445
0.003488302230834961
0.0033044815063476562
0.002084493637084961
0.003893613815307617
0.003258943557739258
0.004147529602050781
0.003319263458251953
0.003541707992553711
0.004426717758178711
0.0033376216888427734
0.0034508705139160156
0.0036427974700927734
0.0016896724700927734
0.004002094268798828
0.004229307174682617
0.0037262439727783203
0.003532886505126953
0.004291534423828125
0.003815174102783203
0.003482818603515625
0.003494739532470703
0.004259824752807617
0.003393411636352539
0.003480672836303711
0.0033636093139648438
0.0045506954193115234
0.003280162811279297
0.003840923309326172
0.003789663314819336
0.003816843032836914
0.00388336181640625
0.003729581832885742
0.0033986568450927734
0.00440669059753418
0.004961729049682617
0.0036063194274902344
0.0034036636352539062
0.0036885738372802734
0.004435539245605469
0.0033130645751953125
0.0033028125762939453
0.0035817623138427734
0.004049539566040039
0.0032918453216552734
0.003215789794921875
0.003476858139038086
0.0037941932678222656
0.0040378570556640625
0.0035076141357421875
0.003340482711791992
0.003613710403442383
0.00490570068359375
0.003349781036376953
0.0033769607543945312
0.0012598037719726562
0.004447221755981445
0.0037479400634765625
0.004264116287231445
0.0033118724822998047
0.0011625289916992188
0.004168033599853516
0.00391697883605957
0.003911495208740234
0.004273176193237305
0.0035483837127685547
0.003247499465942383
0.0035355091094970703
0.0034384727478027344
0.0035250186920166016
0.0011031627655029297
0.0034775733947753906
0.003938436508178711
0.006365537643432617
0.0037670135498046875
0.0049321651458740234
0.003462076187133789
0.004411220550537109
0.003224611282348633
0.005232095718383789
0.003486156463623047
0.0037169456481933594
0.0036377906799316406
0.004006385803222656
0.0035037994384765625
0.004149913787841797
0.0011420249938964844
0.0015039443969726562
0.0040416717529296875
0.0018804073333740234
0.004648447036743164
0.000997781753540039
0.0009808540344238281
