0.0010564327239990234
0.0013318061828613281
0.0013065338134765625
0.0018036365509033203
0.0016846656799316406
0.0028858184814453125
0.0014219284057617188
0.0012097358703613281
0.0015482902526855469
0.0016024112701416016
0.001577615737915039
0.0018188953399658203
0.0012516975402832031
0.0012640953063964844
0.0013942718505859375
0.0009298324584960938
0.001619100570678711
0.003214597702026367
0.0009419918060302734
0.003778219223022461
0.003228902816772461
0.005191326141357422
0.00594639778137207
0.0035257339477539062
0.005065202713012695
0.004325151443481445
0.0049059391021728516
0.004475116729736328
0.005596160888671875
0.0015101432800292969
0.004537105560302734
0.004010915756225586
0.002860546112060547
0.004552602767944336
0.00191497802734375
0.003987312316894531
0.0022971630096435547
0.0057866573333740234
0.0009582042694091797
0.005460262298583984
0.0020415782928466797
0.0041425228118896484
0.004540205001831055
0.006474971771240234
0.0054988861083984375
0.004334688186645508
0.0014736652374267578
0.0034818649291992188
0.004591464996337891
0.00556492805480957
0.0019347667694091797
0.0014023780822753906
0.0037992000579833984
0.004667758941650391
0.0056912899017333984
0.004403591156005859
0.0051136016845703125
0.002766847610473633
0.004251241683959961
0.0009992122650146484
0.004304170608520508
0.004791975021362305
0.003973722457885742
0.004340410232543945
0.00393366813659668
0.0038602352142333984
0.003295421600341797
0.0038144588470458984
0.003760814666748047
0.004154205322265625
0.0044291019439697266
0.004569292068481445
0.006929159164428711
0.004955768585205078
0.0026886463165283203
0.0043489933013916016
0.0048787593841552734
0.004288911819458008
0.0011262893676757812
0.004060268402099609
0.0018260478973388672
0.003826618194580078
0.004644632339477539
0.003943204879760742
0.0042934417724609375
0.004137992858886719
0.0034770965576171875
0.005246162414550781
0.004961490631103516
0.0046977996826171875
0.005789041519165039
0.00473332405090332
0.00760960578918457
0.006018161773681641
0.005806922912597656
0.00316619873046875
0.004181385040283203
0.002226114273071289
0.004489898681640625
0.004914045333862305
0.004048585891723633
0.004411220550537109
0.004282951354980469
0.003948688507080078
0.0036079883575439453
0.003435373306274414
0.0036339759826660156
0.0017235279083251953
0.003525257110595703
0.0037081241607666016
0.0033249855041503906
0.0032453536987304688
0.004346132278442383
0.0033435821533203125
0.0035848617553710938
0.004495859146118164
0.0038328170776367188
0.0035796165466308594
0.0038802623748779297
0.003396272659301758
0.0032279491424560547
0.0037300586700439453
0.0034875869750976562
0.0032958984375
0.003993511199951172
0.003595590591430664
0.004026174545288086
0.004354715347290039
0.003885984420776367
0.0039556026458740234
0.003817319869995117
0.0039272308349609375
0.0037467479705810547
0.004071712493896484
0.0044345855712890625
0.0042438507080078125
0.004098176956176758
0.004408836364746094
0.004128932952880859
0.00325775146484375
0.004094123840332031
0.003988981246948242
0.004768848419189453
0.004333019256591797
0.0031549930572509766
0.0020377635955810547
0.003594636917114258
0.002401590347290039
0.0013356208801269531
0.0012161731719970703
0.0016810894012451172
0.0014774799346923828
0.00150299072265625
0.0014078617095947266
0.00402522087097168
0.0019040107727050781
0.001608133316040039
0.0017666816711425781
0.0012249946594238281
0.0015423297882080078
0.0016014575958251953
0.0010669231414794922
