0.0013096332550048828
0.002995014190673828
0.0014324188232421875
0.0015630722045898438
0.0019309520721435547
0.001825571060180664
0.0026063919067382812
0.0018503665924072266
0.0013985633850097656
0.0017087459564208984
0.0012214183807373047
0.0013718605041503906
0.0016961097717285156
0.0015540122985839844
0.0014951229095458984
0.001088857650756836
0.0013933181762695312
0.001398324966430664
0.001979827880859375
0.0013995170593261719
0.0016255378723144531
0.0017132759094238281
0.0011718273162841797
0.0017998218536376953
0.0012695789337158203
0.0010492801666259766
0.0011031627655029297
0.001220703125
0.0012962818145751953
0.00150299072265625
0.0012314319610595703
0.0010521411895751953
0.001554727554321289
0.0013642311096191406
0.001165628433227539
0.001132965087890625
0.0012252330780029297
0.0010743141174316406
0.001605987548828125
0.001321554183959961
0.0013203620910644531
0.001047372817993164
0.0010631084442138672
0.001440286636352539
0.0008933544158935547
0.0009834766387939453
0.0011987686157226562
0.0014688968658447266
0.0014488697052001953
0.0011661052703857422
0.0016713142395019531
0.004538297653198242
0.001308441162109375
0.007337808609008789
0.0013394355773925781
0.006569862365722656
0.0019450187683105469
0.004949331283569336
0.0029439926147460938
0.0010504722595214844
0.005861997604370117
0.00587153434753418
0.0016210079193115234
0.004278898239135742
0.004137277603149414
0.003419637680053711
0.003416776657104492
0.0042362213134765625
0.0034482479095458984
0.0034470558166503906
0.003536224365234375
0.005530357360839844
0.004597663879394531
0.004473447799682617
0.003910541534423828
0.005254507064819336
0.0039632320404052734
0.004266500473022461
0.0035562515258789062
0.004126310348510742
0.003674030303955078
0.0037539005279541016
0.003420591354370117
0.0034492015838623047
0.0011210441589355469
0.004037380218505859
0.0034668445587158203
0.003335237503051758
0.0035305023193359375
0.003558635711669922
0.0037984848022460938
0.0009784698486328125
0.002184629440307617
0.0036771297454833984
0.0045473575592041016
0.00180816650390625
0.0038115978240966797
0.003809690475463867
0.004589080810546875
0.00457310676574707
0.0032625198364257812
0.004126310348510742
0.003566265106201172
0.0033266544342041016
0.002832174301147461
0.003262042999267578
0.0023851394653320312
0.003490447998046875
0.003136873245239258
0.004117250442504883
0.004009723663330078
0.0034780502319335938
0.0040950775146484375
0.004044055938720703
0.0029392242431640625
0.00438237190246582
0.003620624542236328
0.0036301612854003906
0.0039980411529541016
0.004624366760253906
0.004062652587890625
0.0034475326538085938
0.0038890838623046875
0.0033197402954101562
0.004414558410644531
0.003612518310546875
0.0035827159881591797
0.004161357879638672
0.004240512847900391
0.0036728382110595703
0.0043561458587646484
0.004665851593017578
0.004761695861816406
0.005539417266845703
0.0036520957946777344
0.0033218860626220703
0.0016705989837646484
0.003374814987182617
0.003879070281982422
0.0013797283172607422
0.0035784244537353516
0.004784822463989258
0.004519462585449219
0.005106925964355469
0.0032906532287597656
0.0031507015228271484
0.004883527755737305
0.0038149356842041016
0.0026073455810546875
0.0015676021575927734
0.008013010025024414
0.004339456558227539
0.0038144588470458984
0.002566814422607422
0.006838798522949219
0.002912759780883789
0.005051374435424805
0.0014150142669677734
0.005131244659423828
0.005251646041870117
0.0075032711029052734
0.0020072460174560547
