0.0011334419250488281
0.0015788078308105469
0.001707315444946289
0.001074075698852539
0.0012238025665283203
0.0013875961303710938
0.0015192031860351562
0.0024175643920898438
0.0028884410858154297
0.0031919479370117188
0.001535177230834961
0.0034275054931640625
0.00475764274597168
0.0019068717956542969
0.0011181831359863281
0.0012962818145751953
0.001161336898803711
0.0011060237884521484
0.0012271404266357422
0.0016734600067138672
0.0011069774627685547
0.003028392791748047
0.0026297569274902344
0.0011839866638183594
0.0047228336334228516
0.0028209686279296875
0.0012421607971191406
0.0017964839935302734
0.0010020732879638672
0.0032863616943359375
0.006119489669799805
0.004985809326171875
0.0010519027709960938
0.001470804214477539
0.004430532455444336
0.004149436950683594
0.003789186477661133
0.0012023448944091797
0.004003286361694336
0.004519939422607422
0.004557371139526367
0.003719329833984375
0.003635883331298828
0.0009324550628662109
0.0038487911224365234
0.0026988983154296875
0.0040781497955322266
0.002151012420654297
0.0048596858978271484
0.0011479854583740234
0.003773927688598633
0.0039844512939453125
0.004535675048828125
0.004474163055419922
0.003319263458251953
0.0036563873291015625
0.0010292530059814453
0.0025637149810791016
0.004550457000732422
0.003656148910522461
0.004172801971435547
0.003717184066772461
0.0016350746154785156
0.0041866302490234375
0.003592252731323242
0.0031256675720214844
0.003520488739013672
0.0014834403991699219
0.002851724624633789
0.0038449764251708984
0.003788471221923828
0.004308938980102539
0.001287698745727539
0.003661632537841797
0.0010993480682373047
0.0035986900329589844
0.004084348678588867
0.0016705989837646484
0.0033915042877197266
0.0018711090087890625
0.003717184066772461
0.004002809524536133
0.0013737678527832031
0.002833127975463867
0.004421710968017578
0.0036940574645996094
0.004258155822753906
0.0013260841369628906
0.003121614456176758
0.0017473697662353516
0.003238677978515625
0.0031855106353759766
0.001201629638671875
0.0035037994384765625
0.003543376922607422
0.003977537155151367
0.004121541976928711
0.004038572311401367
0.0035309791564941406
0.0031371116638183594
0.0042476654052734375
0.0022673606872558594
0.0016748905181884766
0.004093170166015625
0.0038688182830810547
0.003499746322631836
0.0029904842376708984
0.0014424324035644531
0.0031392574310302734
0.004585981369018555
0.003276824951171875
0.003136157989501953
0.0015647411346435547
0.00475311279296875
0.003462076187133789
0.003389120101928711
0.0037653446197509766
0.004113435745239258
0.0019223690032958984
0.0032188892364501953
0.004214048385620117
0.0033555030822753906
0.0044476985931396484
0.003122568130493164
0.0036339759826660156
0.0034291744232177734
0.004354000091552734
0.0037810802459716797
0.003924369812011719
0.0034520626068115234
0.004225730895996094
0.003469228744506836
0.003790616989135742
0.002311229705810547
0.0036597251892089844
0.004738807678222656
0.0038061141967773438
0.0034470558166503906
0.0036249160766601562
0.0040624141693115234
0.003415822982788086
0.0033855438232421875
0.0035567283630371094
0.00455927848815918
0.0035347938537597656
0.004596710205078125
0.0013437271118164062
0.003663778305053711
0.004540920257568359
0.0035104751586914062
0.0038025379180908203
0.003584623336791992
0.004101753234863281
0.003359079360961914
0.0033960342407226562
0.0038022994995117188
0.0042877197265625
0.0033648014068603516
0.003434896469116211
0.0034737586975097656
0.0027375221252441406
0.004029512405395508
0.003686189651489258
0.003613710403442383
0.003390789031982422
0.0045011043548583984
0.004054546356201172
0.0021610260009765625
0.0040302276611328125
0.001977682113647461
0.004068851470947266
0.003362894058227539
0.004014730453491211
0.00395655632019043
0.004144191741943359
0.0022263526916503906
0.0016717910766601562
0.003625154495239258
0.00409388542175293
0.0035314559936523438
0.0034906864166259766
0.0033295154571533203
0.0010943412780761719
0.004443645477294922
0.0034286975860595703
0.0024595260620117188
0.0034117698669433594
0.003740072250366211
0.003942012786865234
0.0036399364471435547
0.0026853084564208984
0.003785371780395508
0.004449605941772461
0.003772735595703125
0.002359628677368164
0.0030694007873535156
0.0010116100311279297
0.0012714862823486328
0.0035479068756103516
0.0037093162536621094
0.003505706787109375
0.0026204586029052734
0.004696369171142578
0.003554821014404297
0.001949310302734375
0.004108905792236328
0.004555940628051758
0.003351926803588867
0.0034203529357910156
0.0034716129302978516
0.00411534309387207
0.003795146942138672
0.003422975540161133
0.0038900375366210938
0.0022935867309570312
0.0036323070526123047
0.004414796829223633
0.0035529136657714844
0.004082679748535156
0.004712104797363281
0.003338336944580078
0.004114627838134766
0.0032987594604492188
0.004479169845581055
0.0041735172271728516
0.0037641525268554688
0.0029633045196533203
0.004208803176879883
0.002085447311401367
0.0011212825775146484
0.003732442855834961
0.003658294677734375
0.004494428634643555
0.0017309188842773438
0.003359556198120117
0.003659963607788086
0.002442598342895508
0.004358530044555664
0.0035467147827148438
0.00417637825012207
0.0033304691314697266
0.0026259422302246094
0.004007577896118164
0.0034646987915039062
0.003342866897583008
0.00429081916809082
0.0027511119842529297
0.0032668113708496094
0.004168510437011719
0.002435445785522461
0.004790544509887695
0.003135204315185547
0.002077817916870117
0.0035026073455810547
0.0012264251708984375
0.007154226303100586
0.0010981559753417969
0.003314971923828125
0.003441333770751953
0.001032114028930664
0.005290985107421875
0.0036356449127197266
0.002429962158203125
0.00347137451171875
0.0016045570373535156
0.00427556037902832
0.0016775131225585938
0.0021626949310302734
0.0034270286560058594
0.0010769367218017578
0.0037240982055664062
0.004233360290527344
0.0015511512756347656
0.003484487533569336
0.0016965866088867188
0.0017466545104980469
0.004194498062133789
0.001455545425415039
0.004259824752807617
0.0015079975128173828
0.003565549850463867
0.003367185592651367
0.0010752677917480469
0.003924846649169922
0.0015826225280761719
0.0037081241607666016
0.003276348114013672
0.002558469772338867
0.0038268566131591797
0.0012552738189697266
0.0034193992614746094
0.003482818603515625
0.001130819320678711
0.0018794536590576172
0.0010638236999511719
0.0030007362365722656
0.0034072399139404297
0.0010039806365966797
0.0018401145935058594
0.001178741455078125
0.002512693405151367
0.0032465457916259766
0.0011534690856933594
0.0015628337860107422
0.002301454544067383
0.0020711421966552734
0.0037887096405029297
0.003652334213256836
0.0012660026550292969
0.0011458396911621094
0.002055644989013672
0.0034182071685791016
0.0009677410125732422
0.0033388137817382812
0.0009672641754150391
0.002637624740600586
0.0037364959716796875
0.0015113353729248047
0.0010552406311035156
0.001314401626586914
0.0025205612182617188
0.0037338733673095703
0.0011992454528808594
0.0010914802551269531
0.001810312271118164
0.001983165740966797
0.004971504211425781
0.0012552738189697266
0.0037298202514648438
0.0009751319885253906
0.002469778060913086
0.0043795108795166016
0.0010426044464111328
0.003481626510620117
0.0018410682678222656
0.0016665458679199219
0.004066944122314453
0.0011208057403564453
0.003682374954223633
0.0020592212677001953
0.0016636848449707031
0.0025510787963867188
0.003314495086669922
0.0011894702911376953
0.002209901809692383
0.00201416015625
0.0022983551025390625
0.0014748573303222656
0.0031747817993164062
0.0013549327850341797
0.0032029151916503906
0.004124641418457031
0.002888917922973633
0.0016400814056396484
0.0013458728790283203
0.0018799304962158203
0.0043642520904541016
0.003487825393676758
0.002968311309814453
0.003323793411254883
0.0017943382263183594
0.0033860206604003906
0.003061056137084961
0.00351715087890625
0.004194974899291992
0.00535273551940918
0.0035877227783203125
0.003335714340209961
0.0038242340087890625
0.003796100616455078
0.003370523452758789
0.003377199172973633
0.003920555114746094
0.00440669059753418
0.003270387649536133
0.0034639835357666016
0.003536224365234375
0.0033845901489257812
0.003265380859375
0.003545522689819336
0.0033140182495117188
0.0031309127807617188
0.0035283565521240234
0.003238201141357422
0.003392457962036133
0.0030715465545654297
0.004094600677490234
0.0036225318908691406
0.0030579566955566406
0.0032057762145996094
0.0037758350372314453
0.0031833648681640625
0.003648519515991211
0.0031769275665283203
0.0039861202239990234
0.00397181510925293
0.0027921199798583984
0.0034227371215820312
0.003543853759765625
0.004129171371459961
0.0035505294799804688
0.004229307174682617
0.0037724971771240234
0.004650592803955078
0.003206014633178711
0.003559589385986328
0.003870725631713867
0.003446340560913086
0.0044443607330322266
0.0031795501708984375
0.003954887390136719
0.004245281219482422
0.0043964385986328125
0.003520488739013672
0.0016777515411376953
0.003636598587036133
0.003947734832763672
0.003806591033935547
0.0033631324768066406
0.0032868385314941406
0.004185914993286133
0.0038454532623291016
0.003732442855834961
0.003919839859008789
0.006220102310180664
0.003894805908203125
0.0039386749267578125
0.0018620491027832031
0.0035614967346191406
0.004175662994384766
0.003649473190307617
0.0036482810974121094
0.0035085678100585938
0.0036537647247314453
0.0031664371490478516
0.0037500858306884766
0.0032503604888916016
0.004072427749633789
0.003866910934448242
0.003068208694458008
0.0033025741577148438
0.002360105514526367
0.0050640106201171875
0.0040073394775390625
0.003430604934692383
0.0037479400634765625
0.0038607120513916016
0.0016925334930419922
0.0034623146057128906
0.003808736801147461
0.0009796619415283203
0.0009493827819824219
0.0015943050384521484
0.004075050354003906
0.0036916732788085938
0.0035948753356933594
0.0041692256927490234
0.0034983158111572266
0.003360271453857422
0.0037927627563476562
0.0039441585540771484
0.004348278045654297
0.003300905227661133
0.003747224807739258
0.003955841064453125
0.0047070980072021484
0.003542184829711914
0.0036923885345458984
0.003579378128051758
0.00431060791015625
0.0021162033081054688
0.0037758350372314453
0.0019228458404541016
0.003620147705078125
0.004340648651123047
0.0015368461608886719
0.003966093063354492
0.003152132034301758
0.0033388137817382812
0.005015134811401367
0.0034422874450683594
0.004652500152587891
0.0011551380157470703
0.00443720817565918
0.0018770694732666016
0.003964900970458984
0.0033562183380126953
0.0036818981170654297
0.00437474250793457
0.003376007080078125
0.004071950912475586
0.0037131309509277344
0.0040171146392822266
0.00462794303894043
0.00335693359375
0.0011985301971435547
0.003826141357421875
0.00410008430480957
0.0033850669860839844
0.0034775733947753906
0.0035686492919921875
0.004532575607299805
0.003541231155395508
0.003166675567626953
0.0040187835693359375
0.004441976547241211
0.0036029815673828125
0.0034880638122558594
0.0034236907958984375
0.004647254943847656
0.003629922866821289
0.003523111343383789
0.0038366317749023438
0.004528522491455078
0.0034444332122802734
0.003658771514892578
0.003553152084350586
0.004298686981201172
0.0038013458251953125
0.003431081771850586
0.0038619041442871094
0.00428009033203125
0.004549980163574219
0.0034284591674804688
0.00371551513671875
0.003803253173828125
0.005150556564331055
0.003969430923461914
0.0036149024963378906
0.0034248828887939453
0.003490447998046875
0.004261016845703125
0.003920078277587891
0.0037643909454345703
0.004024505615234375
0.004118680953979492
0.00345611572265625
0.002252817153930664
0.003499746322631836
0.004045724868774414
0.003683805465698242
0.0036110877990722656
0.003683328628540039
0.004251241683959961
0.0042629241943359375
0.0037412643432617188
0.004218101501464844
0.0033588409423828125
0.004147052764892578
0.0037682056427001953
0.0032978057861328125
0.0037431716918945312
0.004376888275146484
0.0037229061126708984
0.004587888717651367
0.003832578659057617
0.004030704498291016
0.004043102264404297
0.0033702850341796875
0.0034618377685546875
0.003388643264770508
0.004324674606323242
0.0034241676330566406
0.0038900375366210938
0.0036897659301757812
0.004193782806396484
0.004050254821777344
0.003467559814453125
0.003654003143310547
0.004353523254394531
0.003446340560913086
0.003838062286376953
0.0036187171936035156
0.004460811614990234
0.0035266876220703125
0.0034706592559814453
0.003847360610961914
0.005075931549072266
0.003760099411010742
0.003490447998046875
0.0037031173706054688
0.005023956298828125
0.003516674041748047
0.003692626953125
0.003505706787109375
0.004619121551513672
0.003490447998046875
0.00354766845703125
0.0012850761413574219
0.004116535186767578
0.003830432891845703
0.003497600555419922
0.0034122467041015625
0.004076719284057617
0.003821134567260742
0.0033028125762939453
0.003935813903808594
0.00385284423828125
0.005631685256958008
0.0034618377685546875
0.004062175750732422
0.003375530242919922
0.004242897033691406
0.001722574234008789
0.0026731491088867188
0.0036077499389648438
0.0041582584381103516
0.003442049026489258
0.0022935867309570312
0.0032508373260498047
0.003572225570678711
0.004517555236816406
0.0034728050231933594
0.0022149085998535156
0.0023407936096191406
0.0038263797760009766
0.004390239715576172
0.004022359848022461
0.0018677711486816406
0.0022993087768554688
0.004347324371337891
0.0038013458251953125
0.003633260726928711
0.0028333663940429688
0.0023217201232910156
0.005130767822265625
0.0034618377685546875
0.003402233123779297
0.0036382675170898438
0.0042057037353515625
0.0034983158111572266
0.0036306381225585938
0.0038361549377441406
0.004290342330932617
0.004612922668457031
0.0034477710723876953
0.0034842491149902344
0.004062652587890625
0.0039048194885253906
0.003373384475708008
0.0035889148712158203
0.0036160945892333984
0.004282712936401367
0.004161834716796875
0.0032548904418945312
0.0036492347717285156
0.004773139953613281
0.0036537647247314453
0.0037755966186523438
0.0034542083740234375
0.004235506057739258
0.003530263900756836
0.0037500858306884766
0.0020966529846191406
0.003759145736694336
0.0037870407104492188
0.0034766197204589844
0.003601551055908203
0.0009486675262451172
0.0036318302154541016
0.00458526611328125
0.0034761428833007812
0.0036733150482177734
0.003464221954345703
0.004338741302490234
0.0035800933837890625
0.0034172534942626953
0.003970623016357422
0.0013394355773925781
0.0025751590728759766
0.0033729076385498047
0.0017764568328857422
0.003228425979614258
0.0012569427490234375
0.0037996768951416016
0.0036668777465820312
0.0038444995880126953
0.0037331581115722656
0.002112865447998047
0.0025162696838378906
0.0035567283630371094
0.003179788589477539
0.004214048385620117
0.0012111663818359375
0.003105640411376953
0.002935647964477539
0.0034770965576171875
0.004086732864379883
0.0014111995697021484
0.003820180892944336
0.0034356117248535156
0.003574371337890625
0.004559993743896484
0.0027408599853515625
0.0037276744842529297
0.003371715545654297
0.001615762710571289
0.004017353057861328
0.0034041404724121094
0.0036830902099609375
0.0013380050659179688
0.0015718936920166016
0.0038208961486816406
