0.0015566349029541016
0.00433802604675293
0.0012056827545166016
0.003918170928955078
0.0039520263671875
0.004134654998779297
0.003885030746459961
0.004316091537475586
0.004080295562744141
0.0039064884185791016
0.003240346908569336
0.003334522247314453
0.004002094268798828
0.003550291061401367
0.0038802623748779297
0.004365682601928711
0.003680706024169922
0.003592967987060547
0.0032787322998046875
0.003350496292114258
0.003551006317138672
0.0038552284240722656
0.003436565399169922
0.003931999206542969
0.00341033935546875
0.0034949779510498047
0.004072427749633789
0.0037279129028320312
0.0035104751586914062
0.0035369396209716797
0.003407001495361328
0.002160310745239258
0.0034580230712890625
0.004449129104614258
0.003974199295043945
0.003635406494140625
0.0037140846252441406
0.0036177635192871094
0.0032720565795898438
0.003961801528930664
0.0014467239379882812
0.00392460823059082
0.003187894821166992
0.004372835159301758
0.0035085678100585938
0.003617525100708008
0.003365039825439453
0.0035042762756347656
0.003209352493286133
0.003620147705078125
0.003930568695068359
0.001332998275756836
0.003422260284423828
0.004283905029296875
0.0032165050506591797
0.0017473697662353516
0.004610776901245117
0.0028862953186035156
0.0010228157043457031
0.006820201873779297
0.007195472717285156
0.002380847930908203
0.005316495895385742
0.006467103958129883
0.0054056644439697266
0.007782459259033203
0.001329183578491211
0.004908323287963867
0.007033109664916992
0.0014255046844482422
0.006053447723388672
0.004016876220703125
0.0050427913665771484
0.005449533462524414
0.004830360412597656
0.00549006462097168
0.0011339187622070312
0.004261016845703125
0.005810737609863281
0.0009877681732177734
0.0019941329956054688
0.0014805793762207031
0.001409769058227539
0.0012784004211425781
0.0012221336364746094
0.0014193058013916016
0.0010488033294677734
0.002094745635986328
0.0018534660339355469
0.0019707679748535156
0.0033376216888427734
0.001344919204711914
0.002558469772338867
0.0010035037994384766
0.0013041496276855469
0.0012636184692382812
0.0014176368713378906
0.0012316703796386719
0.00128936767578125
0.0013079643249511719
0.0011296272277832031
0.0016138553619384766
0.001409769058227539
0.0011408329010009766
0.0017142295837402344
0.00148773193359375
0.0011713504791259766
0.001583099365234375
0.0013959407806396484
0.0017743110656738281
0.0015361309051513672
0.0018229484558105469
0.0011336803436279297
0.002757549285888672
0.004670858383178711
0.0010809898376464844
0.004768848419189453
0.0021123886108398438
0.00452733039855957
0.005895853042602539
0.0017096996307373047
0.005597829818725586
0.0056607723236083984
0.003278017044067383
0.00447845458984375
0.0015366077423095703
0.0028274059295654297
0.004538536071777344
0.005229949951171875
0.004290342330932617
0.004380702972412109
0.0040111541748046875
0.0038557052612304688
0.00374603271484375
0.0036242008209228516
0.003815889358520508
0.0037755966186523438
0.0035278797149658203
0.0036542415618896484
0.004000425338745117
0.0037190914154052734
0.0037119388580322266
0.0033752918243408203
0.003657817840576172
0.003968715667724609
0.0043871402740478516
0.005161285400390625
0.0038013458251953125
0.0011749267578125
0.0037009716033935547
0.005612850189208984
0.0043828487396240234
0.0045430660247802734
0.003919363021850586
0.0034513473510742188
0.004393100738525391
0.003390073776245117
0.0036001205444335938
0.0040094852447509766
0.003952741622924805
0.003378152847290039
0.0013360977172851562
