0.001188039779663086
0.003021717071533203
0.0012545585632324219
0.0013475418090820312
0.0018701553344726562
0.003119230270385742
0.0012230873107910156
0.0024993419647216797
0.0013120174407958984
0.001283884048461914
0.001168966293334961
0.0013394355773925781
0.0026726722717285156
0.002182483673095703
0.0010232925415039062
0.0010902881622314453
0.0013060569763183594
0.0010213851928710938
0.0012297630310058594
0.0019032955169677734
0.0034942626953125
0.001165151596069336
0.0035507678985595703
0.0013813972473144531
0.0017843246459960938
0.001837015151977539
0.0015411376953125
0.0009222030639648438
0.0010552406311035156
0.0024640560150146484
0.0023055076599121094
0.0013034343719482422
0.0039517879486083984
0.001447916030883789
0.0016644001007080078
0.003324270248413086
0.0011720657348632812
0.00397944450378418
0.0015799999237060547
0.0014543533325195312
0.0037565231323242188
0.0041506290435791016
0.0037610530853271484
0.0016853809356689453
0.001760244369506836
0.003975391387939453
0.004111289978027344
0.0012869834899902344
0.002794504165649414
0.0013189315795898438
0.0025599002838134766
0.004432201385498047
0.0011408329010009766
0.003776073455810547
0.003738880157470703
0.0025305747985839844
0.0010509490966796875
0.0038306713104248047
0.003983020782470703
0.0034246444702148438
0.0034580230712890625
0.002560853958129883
0.0034482479095458984
0.003434419631958008
0.0035724639892578125
0.0040662288665771484
0.0031189918518066406
0.0036478042602539062
0.0043184757232666016
0.003698587417602539
0.004098176956176758
0.003376483917236328
0.0035161972045898438
0.003309488296508789
0.004227638244628906
0.0036242008209228516
0.00347900390625
0.0036263465881347656
0.004340171813964844
0.003931283950805664
0.0035216808319091797
0.004301309585571289
0.004713296890258789
0.0040225982666015625
0.0033445358276367188
0.0034782886505126953
0.0044269561767578125
0.003610849380493164
0.003331899642944336
0.0033884048461914062
0.004013538360595703
0.003648519515991211
0.0035424232482910156
0.005108833312988281
0.003866434097290039
0.004254341125488281
0.0034859180450439453
0.00345611572265625
0.004014015197753906
0.007026195526123047
0.0034449100494384766
0.002870321273803711
0.0033092498779296875
0.002531290054321289
0.004485607147216797
0.003686666488647461
0.003222227096557617
0.004894256591796875
0.001199483871459961
0.0038750171661376953
0.003275632858276367
0.003937482833862305
0.0016696453094482422
0.001539468765258789
0.003454446792602539
0.003401517868041992
0.003821134567260742
0.004412174224853516
0.0020792484283447266
0.0036618709564208984
0.0035223960876464844
0.004312992095947266
0.0035619735717773438
0.0025835037231445312
0.003545522689819336
0.0044820308685302734
0.003397703170776367
0.0034270286560058594
0.0038001537322998047
0.0041294097900390625
0.0037009716033935547
0.00327301025390625
0.0028057098388671875
0.004233121871948242
0.0034706592559814453
0.0036118030548095703
0.003498554229736328
0.0034198760986328125
0.0042514801025390625
0.003561735153198242
0.003668069839477539
0.0035009384155273438
0.004475593566894531
0.0038678646087646484
0.003260374069213867
0.003561735153198242
0.003393411636352539
0.004148006439208984
0.003536701202392578
0.004200458526611328
0.0032453536987304688
0.004167795181274414
0.003515958786010742
0.003330707550048828
0.003316640853881836
0.0033483505249023438
0.003052234649658203
0.0021648406982421875
0.003467559814453125
0.003480195999145508
0.0020720958709716797
0.003172159194946289
0.003682851791381836
0.0034465789794921875
0.00404047966003418
0.004559040069580078
0.0037686824798583984
0.003386974334716797
0.0034749507904052734
0.004499673843383789
0.0032367706298828125
0.0010786056518554688
0.0009331703186035156
0.00428009033203125
0.004575014114379883
0.0033943653106689453
0.0033740997314453125
0.004286050796508789
0.004187345504760742
0.004365682601928711
0.0030243396759033203
0.0033881664276123047
0.003551483154296875
0.004338502883911133
0.002318859100341797
0.0026421546936035156
0.0036211013793945312
0.003612041473388672
0.004291534423828125
0.0033736228942871094
0.0038220882415771484
0.003419160842895508
0.004065036773681641
0.002580881118774414
0.003648519515991211
0.0010683536529541016
0.0012769699096679688
0.00400996208190918
0.0035386085510253906
0.003381490707397461
0.003445148468017578
0.003841876983642578
0.003811359405517578
0.0033621788024902344
0.0037207603454589844
0.0036766529083251953
0.004110813140869141
0.003283262252807617
0.0033681392669677734
0.003827333450317383
0.0035247802734375
0.003960609436035156
0.0035135746002197266
0.0033223628997802734
0.004261016845703125
0.003327608108520508
0.0033059120178222656
0.0036711692810058594
0.004107475280761719
0.0037348270416259766
0.0032944679260253906
0.0038383007049560547
0.003478527069091797
0.004163503646850586
0.0038728713989257812
0.003548860549926758
0.00347137451171875
0.004474163055419922
0.0036089420318603516
0.0034177303314208984
0.0034971237182617188
0.003543853759765625
0.0013384819030761719
0.0035490989685058594
0.0035207271575927734
0.003949165344238281
0.0034842491149902344
0.004114866256713867
0.003262758255004883
0.003655672073364258
0.0035085678100585938
0.004456520080566406
0.00345611572265625
0.0036814212799072266
0.0039331912994384766
0.004244804382324219
0.0032286643981933594
0.004145383834838867
0.003548145294189453
0.00396418571472168
0.0033164024353027344
0.0034520626068115234
0.0016591548919677734
0.0035643577575683594
0.0040950775146484375
0.003343820571899414
0.0034263134002685547
0.004198312759399414
0.003915071487426758
0.0037462711334228516
0.003387451171875
0.003695964813232422
0.0036652088165283203
0.00442814826965332
0.0034856796264648438
0.003803730010986328
0.003451824188232422
0.0039675235748291016
0.003421306610107422
0.0034737586975097656
0.003988027572631836
0.004728078842163086
0.0037162303924560547
0.0033485889434814453
0.003637075424194336
0.004060983657836914
0.003380298614501953
0.003495931625366211
0.003808736801147461
0.004239082336425781
0.004499197006225586
0.003817319869995117
0.0038878917694091797
0.004369258880615234
0.003229856491088867
0.003495931625366211
0.004347562789916992
0.004408597946166992
0.0034890174865722656
0.003328084945678711
0.0034668445587158203
0.003300189971923828
0.0014319419860839844
0.003409862518310547
0.0014166831970214844
0.0034410953521728516
0.003503561019897461
0.004448413848876953
0.003091573715209961
0.0032765865325927734
0.003161907196044922
0.0037169456481933594
0.0033550262451171875
0.003626585006713867
0.003444194793701172
0.0012958049774169922
0.0023615360260009766
0.0034842491149902344
0.0032329559326171875
0.0035505294799804688
0.0038461685180664062
0.003089427947998047
0.004177093505859375
0.0034503936767578125
0.004018545150756836
0.0030112266540527344
0.0034034252166748047
0.0037703514099121094
0.004366397857666016
0.0033676624298095703
0.003986358642578125
0.0036301612854003906
0.003420114517211914
0.0040283203125
0.0037994384765625
0.003398895263671875
0.0034542083740234375
0.0045511722564697266
0.0030736923217773438
0.0034427642822265625
0.0031595230102539062
0.004477024078369141
0.002263307571411133
0.001474618911743164
0.004252910614013672
0.003735780715942383
0.004024982452392578
0.004529476165771484
0.003990650177001953
0.0031671524047851562
0.004944801330566406
0.0038406848907470703
0.0010745525360107422
0.00348663330078125
0.0035562515258789062
0.004230976104736328
0.0033097267150878906
0.0009665489196777344
0.0033681392669677734
0.003191709518432617
0.004065990447998047
0.0023179054260253906
0.0008602142333984375
0.003704547882080078
0.004102945327758789
0.003780364990234375
0.0036995410919189453
0.0011990070343017578
0.0034134387969970703
0.004595041275024414
0.0033521652221679688
0.0033228397369384766
0.00113677978515625
0.003541707992553711
0.0036575794219970703
0.0033032894134521484
0.0035185813903808594
0.0010771751403808594
0.004127025604248047
0.003675222396850586
0.003299713134765625
0.003553628921508789
0.0014650821685791016
0.004269838333129883
0.003418445587158203
0.0032317638397216797
0.0035064220428466797
0.003993988037109375
0.0036804676055908203
0.0032825469970703125
0.003441333770751953
0.0033800601959228516
0.004069328308105469
0.003431081771850586
0.003175497055053711
0.0034351348876953125
0.003941774368286133
0.002948760986328125
0.0032651424407958984
0.003721952438354492
0.004071474075317383
0.0037178993225097656
0.0038299560546875
0.0034084320068359375
0.0013051033020019531
0.0035953521728515625
0.0036542415618896484
0.0033533573150634766
0.004408121109008789
0.004030466079711914
0.00461888313293457
0.003371000289916992
0.003341197967529297
0.004298210144042969
0.0018014907836914062
0.0017402172088623047
0.0034942626953125
0.004539012908935547
0.003437519073486328
0.003405332565307617
0.002605915069580078
0.0033342838287353516
0.0014896392822265625
0.0028846263885498047
0.0035676956176757812
0.0016791820526123047
0.0034754276275634766
0.004423856735229492
0.002785921096801758
0.003439188003540039
0.0009737014770507812
0.003620147705078125
0.003439188003540039
0.00415492057800293
0.0036003589630126953
0.001215219497680664
0.004842996597290039
0.0036542415618896484
0.0033082962036132812
0.0033807754516601562
0.0011539459228515625
0.0046863555908203125
0.004670143127441406
0.0033571720123291016
0.003287792205810547
0.0011494159698486328
0.0032041072845458984
0.003049135208129883
0.008849859237670898
0.004102468490600586
0.004018545150756836
0.003431081771850586
0.001459360122680664
0.002310037612915039
0.0034303665161132812
0.0015757083892822266
0.0036382675170898438
0.0017004013061523438
0.0034482479095458984
0.000995635986328125
0.0010318756103515625
0.0013360977172851562
0.0017533302307128906
0.001478433609008789
0.0038099288940429688
0.002354145050048828
0.003899812698364258
0.0035021305084228516
0.003519773483276367
0.004227161407470703
0.0014674663543701172
0.003957986831665039
0.0018165111541748047
0.0035622119903564453
0.0037360191345214844
0.0017380714416503906
0.003265857696533203
0.0035996437072753906
0.0034592151641845703
0.0037529468536376953
0.0034546852111816406
0.0034084320068359375
0.001260995864868164
0.003500699996948242
0.004673480987548828
0.003267049789428711
0.0034279823303222656
0.003371000289916992
0.00402069091796875
0.0035948753356933594
0.0034990310668945312
0.0034105777740478516
0.0031833648681640625
0.003972291946411133
0.003311634063720703
0.0034019947052001953
0.004216194152832031
0.004059314727783203
0.004024982452392578
0.003458738327026367
0.0036869049072265625
0.0048372745513916016
0.0033795833587646484
0.0036339759826660156
0.003548860549926758
0.003667593002319336
0.003474712371826172
0.0034134387969970703
0.003610849380493164
0.003859996795654297
0.004390716552734375
0.0032172203063964844
0.0034551620483398438
0.003397703170776367
0.004481077194213867
0.0032045841217041016
0.003597736358642578
0.0036132335662841797
0.004712343215942383
0.003335714340209961
0.0037996768951416016
0.0038187503814697266
0.0043866634368896484
0.0033233165740966797
0.0034759044647216797
0.0035181045532226562
0.003548860549926758
0.0038042068481445312
0.001943349838256836
0.0033490657806396484
0.0033805370330810547
0.004324436187744141
0.004274845123291016
0.0034193992614746094
0.0017552375793457031
0.0038344860076904297
0.0036509037017822266
0.003462076187133789
0.0034995079040527344
0.003917217254638672
0.004309415817260742
0.0036628246307373047
0.0035305023193359375
0.003270387649536133
0.0033714771270751953
0.0042879581451416016
0.003339052200317383
0.003199338912963867
0.003672361373901367
0.004161834716796875
0.003214597702026367
0.0035839080810546875
0.0027570724487304688
0.003805875778198242
0.003924131393432617
0.0034894943237304688
0.0033922195434570312
0.0036458969116210938
0.004187822341918945
0.003918886184692383
0.003494739532470703
0.003396272659301758
0.004014730453491211
0.0045125484466552734
0.003589153289794922
0.0014808177947998047
0.0028715133666992188
0.004453182220458984
0.0037031173706054688
0.003736257553100586
0.0034542083740234375
0.00403285026550293
0.0042650699615478516
0.0034258365631103516
0.0037865638732910156
0.001657247543334961
0.004409074783325195
0.0031762123107910156
0.0033364295959472656
0.0033392906188964844
0.004006624221801758
0.0035288333892822266
0.0034329891204833984
0.0033028125762939453
0.003923177719116211
0.0027043819427490234
0.0031456947326660156
0.0034637451171875
0.003439188003540039
0.0041048526763916016
0.003660917282104492
0.004353761672973633
0.0018625259399414062
0.003968238830566406
0.004155874252319336
0.003706216812133789
0.003429889678955078
0.0010120868682861328
0.0037882328033447266
0.003998517990112305
0.0037796497344970703
0.0033867359161376953
0.0009796619415283203
0.0042836666107177734
0.0036454200744628906
0.0032739639282226562
0.0033855438232421875
0.003793478012084961
0.0035784244537353516
0.003546476364135742
0.003395557403564453
0.0034143924713134766
0.0016903877258300781
0.0034873485565185547
0.0035538673400878906
0.0036592483520507812
0.0034084320068359375
0.0012977123260498047
0.0036733150482177734
0.004095792770385742
0.003560304641723633
0.00431370735168457
0.0013573169708251953
0.0034101009368896484
0.0035636425018310547
0.004708766937255859
0.0043871402740478516
0.0009605884552001953
0.0035851001739501953
0.003622293472290039
0.0027801990509033203
0.003906965255737305
0.0009906291961669922
0.0019829273223876953
0.0034356117248535156
0.001911163330078125
0.004776954650878906
0.0034439563751220703
0.0034494400024414062
0.0034089088439941406
0.0009629726409912109
0.00365447998046875
0.003391742706298828
0.0033860206604003906
0.003535747528076172
0.0013437271118164062
0.003117799758911133
0.0014941692352294922
0.0035119056701660156
0.0034818649291992188
0.0015110969543457031
0.004186391830444336
0.003482818603515625
0.0034940242767333984
0.0043833255767822266
0.0013918876647949219
0.0023343563079833984
0.0009965896606445312
0.003370046615600586
0.003701448440551758
0.004013538360595703
0.0021653175354003906
0.0012335777282714844
0.00414729118347168
0.0039327144622802734
0.0013413429260253906
0.0010404586791992188
0.0011315345764160156
0.003871440887451172
0.003385782241821289
0.0015597343444824219
0.0011658668518066406
0.0011038780212402344
0.0019905567169189453
0.003258228302001953
0.001432657241821289
0.0038721561431884766
0.0010204315185546875
0.0014634132385253906
0.0030138492584228516
0.002498149871826172
0.0017292499542236328
0.0010385513305664062
0.001135110855102539
0.003507375717163086
0.0036153793334960938
0.0014519691467285156
0.0018627643585205078
0.0015416145324707031
0.004101753234863281
0.003462553024291992
0.0013813972473144531
0.004809379577636719
0.0018057823181152344
0.003506898880004883
0.004024505615234375
0.004581928253173828
0.003704547882080078
0.0028247833251953125
0.00347900390625
0.00458526611328125
0.0031516551971435547
0.003175020217895508
0.0015642642974853516
0.002501964569091797
0.005360126495361328
0.002276897430419922
0.003828763961791992
0.001653909683227539
0.001035928726196289
0.002786874771118164
0.0011377334594726562
0.002814054489135742
