0.06459617614746094
0.07472872734069824
0.0713963508605957
0.07433652877807617
0.19103240966796875
0.030991554260253906
0.04000520706176758
0.058538198471069336
0.029579877853393555
0.047480106353759766
0.031478166580200195
0.05072164535522461
0.04014086723327637
0.031089305877685547
0.03101181983947754
0.050130605697631836
0.028326749801635742
0.031343698501586914
0.04180169105529785
0.030517101287841797
0.021559715270996094
0.07004880905151367
0.031062841415405273
0.02249288558959961
0.05995011329650879
0.05075645446777344
0.07989025115966797
0.022243738174438477
0.04061269760131836
0.02109503746032715
0.02845001220703125
0.07852339744567871
0.03245711326599121
0.02899003028869629
0.02216172218322754
0.042531728744506836
0.021506071090698242
0.020729541778564453
0.031125783920288086
0.050325632095336914
0.04133296012878418
0.04947042465209961
0.030330181121826172
0.04914498329162598
0.03289389610290527
0.040924787521362305
0.058324575424194336
0.03972887992858887
0.021302223205566406
0.02050185203552246
0.020594358444213867
0.022763490676879883
0.031026840209960938
0.030472993850708008
0.020644187927246094
0.03120875358581543
0.021175384521484375
0.021123170852661133
0.031787872314453125
0.07880043983459473
0.05039620399475098
0.040495872497558594
0.02905106544494629
0.020243406295776367
0.04039716720581055
0.019798994064331055
0.030376911163330078
0.03909897804260254
0.029542922973632812
0.020962953567504883
0.037604570388793945
0.038353681564331055
0.02954888343811035
0.03861069679260254
0.04085397720336914
0.040181875228881836
0.030440330505371094
0.05034208297729492
0.0206146240234375
0.030506372451782227
0.022095441818237305
0.030213594436645508
0.030419111251831055
0.021277904510498047
0.03142094612121582
0.030413389205932617
0.021308422088623047
0.04141545295715332
0.051302433013916016
0.048432350158691406
0.03929615020751953
0.030591487884521484
0.04825472831726074
0.06090259552001953
0.021032333374023438
0.028467655181884766
0.029972553253173828
0.02250957489013672
0.020419836044311523
0.02273416519165039
0.020247220993041992
0.05101370811462402
0.05805706977844238
0.022371768951416016
0.030343294143676758
0.021257400512695312
0.01255941390991211
0.020127058029174805
0.03109884262084961
0.030189990997314453
0.0504453182220459
0.031234025955200195
0.02920699119567871
0.02029561996459961
0.020262956619262695
0.021743297576904297
0.04009437561035156
0.030119657516479492
0.031134366989135742
0.04181504249572754
0.041742563247680664
0.04074859619140625
0.02093648910522461
0.10863208770751953
0.04843592643737793
0.03216361999511719
0.030558347702026367
0.04025125503540039
0.05094194412231445
0.020159244537353516
0.021892786026000977
0.030466556549072266
0.0208280086517334
0.022483348846435547
0.040125370025634766
0.011880636215209961
0.022192716598510742
0.03093862533569336
0.0311279296875
0.030897140502929688
0.04213690757751465
0.020873546600341797
0.031731367111206055
0.029561996459960938
0.03787374496459961
0.020783185958862305
0.04012036323547363
0.03163647651672363
0.020803213119506836
0.012226343154907227
0.02209925651550293
0.020503520965576172
0.028083086013793945
0.019942760467529297
0.022341489791870117
0.0400235652923584
0.020839929580688477
0.03905677795410156
0.020412206649780273
0.02008366584777832
0.0412755012512207
0.1107475757598877
0.04032635688781738
0.029140949249267578
0.0706946849822998
0.021012067794799805
0.029851675033569336
0.021468400955200195
0.02959895133972168
0.031117916107177734
0.01939535140991211
0.05135154724121094
0.041530609130859375
0.03040146827697754
0.03063678741455078
0.06051158905029297
0.02913689613342285
0.03975653648376465
0.04127788543701172
0.03129839897155762
0.02212238311767578
0.021192312240600586
0.04823565483093262
0.021610736846923828
0.029277801513671875
0.04804587364196777
0.02056097984313965
0.028163671493530273
0.05069422721862793
0.020867586135864258
0.021893024444580078
0.05166339874267578
0.05128049850463867
0.07018375396728516
0.060782670974731445
0.040595293045043945
0.030922412872314453
0.051180362701416016
0.021074533462524414
0.020323753356933594
0.0222318172454834
0.0308377742767334
0.02087545394897461
0.03077554702758789
0.021033048629760742
0.02022385597229004
0.031528472900390625
0.03187203407287598
0.031397342681884766
0.02233719825744629
0.021981477737426758
0.029649972915649414
0.03209805488586426
0.02167034149169922
0.02205038070678711
0.08963394165039062
0.02161121368408203
0.030765533447265625
0.03954434394836426
0.03141450881958008
0.07201313972473145
0.04129457473754883
0.03138566017150879
0.07067012786865234
