0.01224824905395508
0.010107278823852539
0.0069122314453125
0.006673097610473633
0.009932756423950195
0.010200262069702148
0.010377645492553711
0.009897708892822266
0.011171340942382812
0.004828929901123047
0.01023244857788086
0.010353565216064453
0.009606122970581055
0.012629985809326172
0.010263442993164062
0.00513911247253418
0.01729750633239746
0.012315988540649414
0.009382963180541992
0.01015162467956543
0.0073506832122802734
0.010282039642333984
0.009921789169311523
0.008862018585205078
0.0040018558502197266
0.007470130920410156
0.004049777984619141
0.00883626937866211
0.0066301822662353516
0.004094123840332031
0.012889862060546875
0.00896763801574707
0.009490966796875
0.008423089981079102
0.003747701644897461
0.005624532699584961
0.007092952728271484
0.00441431999206543
0.00919342041015625
0.0046596527099609375
0.015542745590209961
0.004961252212524414
0.00613093376159668
0.009433269500732422
0.004777193069458008
0.00942087173461914
0.010683059692382812
0.00777745246887207
0.009722471237182617
0.004476785659790039
0.007946491241455078
0.01165771484375
0.014736652374267578
0.008203983306884766
0.0038919448852539062
0.005034685134887695
0.006680727005004883
0.004060506820678711
0.004033565521240234
0.0040552616119384766
0.0038907527923583984
0.0033690929412841797
0.004624128341674805
0.009607791900634766
0.00365447998046875
0.016611576080322266
0.006963253021240234
0.006565570831298828
0.009792566299438477
0.0059626102447509766
0.0059092044830322266
0.008643865585327148
0.009106636047363281
0.008391380310058594
0.003947257995605469
0.007096290588378906
0.012241363525390625
0.009569883346557617
0.009301900863647461
0.003443479537963867
0.003753662109375
0.008783817291259766
0.00415349006652832
0.004456043243408203
0.004050493240356445
0.004356861114501953
0.0037894248962402344
0.004046916961669922
0.011092901229858398
0.012434005737304688
0.0045588016510009766
0.005681514739990234
0.008938074111938477
0.00832819938659668
0.006391286849975586
0.00417327880859375
0.008732795715332031
0.004295825958251953
0.01046609878540039
0.009836196899414062
0.008377790451049805
0.006742954254150391
0.008677959442138672
0.00906825065612793
0.012230396270751953
0.008967161178588867
0.008317708969116211
0.011307239532470703
0.010001659393310547
0.009296894073486328
0.006385087966918945
0.00983285903930664
0.00856781005859375
0.008521556854248047
0.008982419967651367
0.006281852722167969
0.011099100112915039
0.017273902893066406
0.008388519287109375
0.0038890838623046875
0.008566856384277344
0.009100675582885742
0.011413812637329102
0.007013559341430664
0.0049631595611572266
0.004985809326171875
0.0176241397857666
0.0064029693603515625
0.003305673599243164
0.00789785385131836
0.0036416053771972656
0.009124517440795898
0.006805419921875
0.004029035568237305
0.0030395984649658203
0.005936384201049805
0.017982006072998047
0.009894132614135742
0.013155460357666016
0.0052149295806884766
0.008932828903198242
0.009771347045898438
0.010139226913452148
0.009451866149902344
0.009148836135864258
0.003639698028564453
0.008358001708984375
0.004086971282958984
0.011704683303833008
0.003403186798095703
0.008841276168823242
0.007302522659301758
0.007876396179199219
0.007926464080810547
0.009403467178344727
0.003815889358520508
0.01140904426574707
0.011220932006835938
0.00981450080871582
0.011386394500732422
0.0031850337982177734
0.0050771236419677734
0.008231401443481445
0.008769750595092773
0.0029485225677490234
0.0039331912994384766
0.005411863327026367
0.00874948501586914
0.007256507873535156
0.00969552993774414
0.0038967132568359375
0.010092735290527344
0.005822658538818359
0.010448932647705078
0.008118152618408203
0.010335445404052734
0.00947427749633789
0.0061643123626708984
0.008669376373291016
0.00956583023071289
0.003428936004638672
0.008470773696899414
0.011432647705078125
0.011973381042480469
0.009581804275512695
0.0059549808502197266
0.008984088897705078
0.008079290390014648
0.012006998062133789
0.008582353591918945
0.009240150451660156
0.008283138275146484
0.010344505310058594
0.008319854736328125
0.003334522247314453
0.003387928009033203
0.004965066909790039
0.007511615753173828
0.00533604621887207
0.009849071502685547
0.008328914642333984
0.010011434555053711
0.0065457820892333984
0.008512258529663086
0.002796649932861328
0.0035572052001953125
0.009354114532470703
0.0037980079650878906
0.005469560623168945
0.006021976470947266
0.0038428306579589844
0.006720304489135742
0.003587961196899414
0.0058820247650146484
0.003204822540283203
0.003316640853881836
0.006859540939331055
0.008346796035766602
0.01024937629699707
0.004073143005371094
0.003892660140991211
0.003938198089599609
0.0037512779235839844
0.010885953903198242
0.003089427947998047
0.003210306167602539
0.007075786590576172
0.007376670837402344
0.0026526451110839844
0.007250785827636719
0.003495931625366211
0.0033636093139648438
0.002893686294555664
0.0037622451782226562
0.01362919807434082
0.007759571075439453
0.008661031723022461
0.009136676788330078
0.007171630859375
0.00972890853881836
0.005719900131225586
0.002907991409301758
0.004773139953613281
0.009281158447265625
0.004050016403198242
0.014166116714477539
0.008243083953857422
0.0036902427673339844
0.004333972930908203
0.016698598861694336
0.016394376754760742
0.008933067321777344
0.00753021240234375
0.003973245620727539
0.007619142532348633
0.006284475326538086
0.012798786163330078
0.0028641223907470703
0.007413387298583984
0.00524449348449707
0.013821125030517578
0.014546632766723633
0.004173994064331055
0.010666608810424805
0.009643793106079102
0.009266853332519531
0.005648136138916016
0.0030405521392822266
0.007128715515136719
0.007889747619628906
0.004043102264404297
0.013207197189331055
0.006312370300292969
0.00688934326171875
0.010441780090332031
0.012377023696899414
0.0049855709075927734
0.007502555847167969
0.011095285415649414
0.007391452789306641
0.009754180908203125
0.003457784652709961
0.003389596939086914
0.0056765079498291016
0.0031807422637939453
0.0031850337982177734
0.0027289390563964844
0.003772735595703125
0.003989696502685547
0.0028231143951416016
0.004061460494995117
0.0037064552307128906
0.0033881664276123047
0.003869295120239258
0.0045223236083984375
0.002864837646484375
0.002893686294555664
0.0030651092529296875
0.0029065608978271484
0.003204345703125
0.0031201839447021484
0.0035600662231445312
0.002764463424682617
0.0033533573150634766
0.00838327407836914
0.009711503982543945
0.00582575798034668
0.012356042861938477
0.011012792587280273
0.003674030303955078
0.0035719871520996094
0.003190755844116211
0.010487079620361328
0.008687019348144531
0.0031099319458007812
0.006958723068237305
0.003254413604736328
0.0076732635498046875
0.0078887939453125
0.0048296451568603516
0.0033876895904541016
0.0031328201293945312
0.0027608871459960938
0.009776830673217773
0.003138303756713867
0.008638620376586914
0.01249384880065918
0.00319671630859375
0.00958561897277832
0.014835596084594727
0.010802984237670898
0.009801387786865234
0.0064239501953125
0.008486032485961914
0.00429081916809082
0.008447885513305664
0.005651235580444336
0.007331371307373047
0.0071218013763427734
0.00995945930480957
0.008575201034545898
0.00873422622680664
0.008861541748046875
0.007837057113647461
0.0073125362396240234
0.0065691471099853516
0.010451316833496094
0.007158994674682617
0.007104396820068359
0.010370016098022461
0.008446455001831055
0.003958463668823242
0.009997129440307617
0.005155801773071289
0.010901212692260742
0.015214681625366211
0.00751495361328125
0.005635976791381836
0.0082550048828125
0.008115053176879883
0.00411224365234375
0.005104780197143555
0.008003950119018555
0.008289337158203125
0.003629922866821289
0.0091705322265625
0.0029065608978271484
0.005677938461303711
0.008448362350463867
0.0070035457611083984
0.00814509391784668
0.012429237365722656
0.007071018218994141
0.010138511657714844
0.003545999526977539
0.0041048526763916016
0.009264945983886719
0.005789041519165039
0.01142573356628418
0.0032083988189697266
0.007253408432006836
0.006410837173461914
0.00666356086730957
0.0076673030853271484
0.01186227798461914
0.0029296875
0.004545927047729492
0.003291606903076172
0.011793136596679688
0.0025987625122070312
0.0053882598876953125
0.007418632507324219
0.010983467102050781
0.0029544830322265625
0.0029141902923583984
0.003703594207763672
0.01303243637084961
0.010136842727661133
0.007787466049194336
0.006134748458862305
0.003280162811279297
0.003780841827392578
0.003063201904296875
0.005608320236206055
0.004129171371459961
0.0058135986328125
0.004104137420654297
0.008049249649047852
0.0069005489349365234
0.0053424835205078125
0.00800323486328125
0.008365631103515625
0.01275944709777832
0.007473468780517578
0.008604764938354492
0.0037980079650878906
0.004351377487182617
0.012775421142578125
0.009169816970825195
0.0036330223083496094
0.002773761749267578
0.012142419815063477
0.007873058319091797
0.0034410953521728516
0.003377199172973633
0.003858327865600586
0.0028357505798339844
0.003315448760986328
0.003759622573852539
0.0034551620483398438
0.009853601455688477
0.003474712371826172
0.0075225830078125
0.008923530578613281
0.002951383590698242
0.005356311798095703
0.00497126579284668
0.013524293899536133
0.008442163467407227
0.01514887809753418
0.006908893585205078
0.003508329391479492
0.013108968734741211
0.0027015209197998047
0.002741575241088867
0.004847288131713867
0.007211208343505859
0.007081508636474609
0.010104894638061523
0.0031342506408691406
0.003158092498779297
0.003137350082397461
0.011413335800170898
0.007028341293334961
0.007899999618530273
0.007507801055908203
0.00327301025390625
0.0028727054595947266
0.00337982177734375
0.007613658905029297
0.0037283897399902344
0.004283905029296875
0.002794504165649414
0.010369539260864258
0.005477428436279297
0.004301548004150391
0.0029251575469970703
0.002888917922973633
0.006634712219238281
0.0061337947845458984
0.008931636810302734
0.0031397342681884766
0.003499746322631836
0.003930330276489258
0.003497600555419922
0.0024776458740234375
0.002681732177734375
0.002594470977783203
0.003202199935913086
0.007536649703979492
0.008391380310058594
0.008360147476196289
0.0028045177459716797
0.003350973129272461
0.003424406051635742
0.0031371116638183594
0.002922534942626953
0.002956867218017578
0.010199308395385742
0.011169910430908203
0.0035583972930908203
0.0028228759765625
0.0027856826782226562
0.014659643173217773
0.0036208629608154297
0.0026276111602783203
0.008065938949584961
0.003338336944580078
0.009755849838256836
0.0076787471771240234
