0.30866050720214844
0.43261265754699707
0.4892411231994629
0.47649288177490234
0.5269556045532227
0.687894344329834
0.7096958160400391
0.5943174362182617
0.6001317501068115
0.6510140895843506
0.5468990802764893
0.6206948757171631
0.595416784286499
0.45316171646118164
0.5445423126220703
0.6310226917266846
0.6087229251861572
0.6699113845825195
0.7218966484069824
0.5575811862945557
0.5368590354919434
0.5806081295013428
0.6408495903015137
0.6019701957702637
0.5368733406066895
0.49190831184387207
0.5294866561889648
0.6876733303070068
0.6661021709442139
0.5732941627502441
0.6506807804107666
0.7395339012145996
0.7133731842041016
0.6683864593505859
0.6315228939056396
0.5288400650024414
0.570732831954956
0.681983232498169
0.7751095294952393
0.5239579677581787
0.5717477798461914
0.600548505783081
0.5288791656494141
0.5106821060180664
0.6399025917053223
1.5915873050689697
0.6929185390472412
0.5931165218353271
0.4849672317504883
0.5058417320251465
0.5778152942657471
0.5697500705718994
1.249293327331543
1.1478023529052734
1.554971694946289
1.5573341846466064
1.0661702156066895
0.8375740051269531
0.877648115158081
2.167445659637451
0.9595024585723877
0.8545866012573242
0.8655476570129395
0.8612754344940186
0.9002840518951416
0.8361797332763672
