0.25060081481933594
0.11669421195983887
0.14036965370178223
0.1204688549041748
0.24039602279663086
0.16096806526184082
0.2512824535369873
0.14845514297485352
0.09539270401000977
0.25682663917541504
0.12380766868591309
0.18822216987609863
0.22808313369750977
0.17315268516540527
0.16100358963012695
0.11081767082214355
0.12612175941467285
0.1237032413482666
0.10527324676513672
0.17474651336669922
0.20439767837524414
0.24826550483703613
0.193983793258667
0.2350454330444336
0.14400148391723633
0.14194607734680176
0.20511746406555176
0.15754079818725586
0.14163756370544434
0.24718642234802246
0.161421537399292
0.14799761772155762
0.1608421802520752
0.11683034896850586
0.10941720008850098
0.14708662033081055
0.12594223022460938
0.14146852493286133
0.15920329093933105
0.13074040412902832
0.20039963722229004
0.2374420166015625
0.22592997550964355
0.11455368995666504
0.22898626327514648
0.10832047462463379
0.1286180019378662
0.2252812385559082
0.11890172958374023
0.24651861190795898
0.19542384147644043
0.11031126976013184
0.2441847324371338
0.1398301124572754
0.20735645294189453
0.17668628692626953
0.305450439453125
0.19370484352111816
0.20189356803894043
0.15082073211669922
0.2131054401397705
0.19846153259277344
0.24274563789367676
0.22292304039001465
0.22161126136779785
0.1333634853363037
0.17719125747680664
0.24470138549804688
0.15549874305725098
0.10533356666564941
0.12154841423034668
0.1777970790863037
0.18715763092041016
0.12104511260986328
0.14934444427490234
0.22431468963623047
0.09274840354919434
0.16252660751342773
0.18683505058288574
0.0942072868347168
0.19333529472351074
0.20957374572753906
0.15418124198913574
0.18722057342529297
0.20920395851135254
0.14148902893066406
0.15473222732543945
0.20509767532348633
0.2075958251953125
0.20005440711975098
0.10384058952331543
0.10707879066467285
0.2397310733795166
0.15697002410888672
0.24856209754943848
0.12112784385681152
0.16480445861816406
0.20364856719970703
0.15285038948059082
0.12560558319091797
