0.009491205215454102
0.009444952011108398
0.010366678237915039
0.005624532699584961
0.008877277374267578
0.013637781143188477
0.005779266357421875
0.00925755500793457
0.007341861724853516
0.008027791976928711
0.008739233016967773
0.005308628082275391
0.008005380630493164
0.015001773834228516
0.00831913948059082
0.005239248275756836
0.010196208953857422
0.008413076400756836
0.010572671890258789
0.007847070693969727
0.009260892868041992
0.0077288150787353516
0.009849786758422852
0.007904767990112305
0.009241342544555664
0.009519338607788086
0.007903099060058594
0.007147312164306641
0.007504463195800781
0.009377241134643555
0.01031184196472168
0.009425640106201172
0.008597373962402344
0.007482051849365234
0.004592418670654297
0.008986234664916992
0.008913755416870117
0.010498046875
0.00941610336303711
0.008700847625732422
0.0053594112396240234
0.006600379943847656
0.008005380630493164
0.010038614273071289
0.0077667236328125
0.008665323257446289
0.009856224060058594
0.007419109344482422
0.008226633071899414
0.008207559585571289
0.010727882385253906
0.01002955436706543
0.009215593338012695
0.00845026969909668
0.009277105331420898
0.006030082702636719
0.007425785064697266
0.008429288864135742
0.009323358535766602
0.009878158569335938
0.008527755737304688
0.008552074432373047
0.008461952209472656
0.009804248809814453
0.008721113204956055
0.009891986846923828
0.008722782135009766
0.008393049240112305
0.006679058074951172
0.0033702850341796875
0.005268573760986328
0.015163898468017578
0.008190155029296875
0.008471488952636719
0.00875711441040039
0.003599882125854492
0.007203102111816406
0.010671377182006836
0.0073566436767578125
0.010222673416137695
0.008842706680297852
0.008543968200683594
0.008622407913208008
0.008549928665161133
0.008953332901000977
0.00904989242553711
0.006384849548339844
0.0084075927734375
0.0071756839752197266
0.00891733169555664
0.007970809936523438
0.007849454879760742
0.007155895233154297
0.009295225143432617
0.003551483154296875
0.00865030288696289
0.0031447410583496094
0.0077342987060546875
0.005006551742553711
0.008250236511230469
