0.0008485317230224609|0.003001867294311523
0.0008471012115478516|0.0030286312103271484
0.0008027553558349609|0.0030138492584228516
0.0009438991546630859|0.002610445022583008
0.0007698535919189453|0.003183126449584961
0.0008182525634765625|0.003035306930541992
0.0008924007415771484|0.0028922557830810547
0.0008177757263183594|0.002689361572265625
0.0008885860443115234|0.0028781890869140625
0.0007386207580566406|0.0031545162200927734
0.000843048095703125|0.0028045177459716797
0.0008232593536376953|0.0030431747436523438
0.0008058547973632812|0.0027141571044921875
0.000797271728515625|0.003026723861694336
0.00080108642578125|0.003083467483520508
0.0007927417755126953|0.003011941909790039
0.0007646083831787109|0.0027747154235839844
0.0007586479187011719|0.0028197765350341797
0.0007722377777099609|0.0030112266540527344
0.0008351802825927734|0.002681255340576172
0.0007269382476806641|0.002603292465209961
0.0007510185241699219|0.0027413368225097656
0.0007917881011962891|0.002824544906616211
0.0008208751678466797|0.002802610397338867
0.000759124755859375|0.003246784210205078
0.0007357597351074219|0.0026826858520507812
0.0007562637329101562|0.003149271011352539
0.0008118152618408203|0.002786397933959961
0.0007963180541992188|0.003125429153442383
0.0008220672607421875|0.0027091503143310547
0.0007810592651367188|0.002710580825805664
0.0007379055023193359|0.0026292800903320312
0.00081634521484375|0.0026607513427734375
0.0007724761962890625|0.0025768280029296875
0.0007860660552978516|0.0026397705078125
0.0007340908050537109|0.003030538558959961
0.0006844997406005859|0.002588033676147461
0.0007662773132324219|0.0027234554290771484
0.0008687973022460938|0.0025196075439453125
0.0007886886596679688|0.0026700496673583984
0.0006794929504394531|0.002840280532836914
0.0007169246673583984|0.002721548080444336
0.0007693767547607422|0.002738475799560547
0.0007729530334472656|0.0025920867919921875
0.0007524490356445312|0.0024230480194091797
0.0007371902465820312|0.00269317626953125
0.0006697177886962891|0.002489328384399414
0.0007746219635009766|0.002580881118774414
0.0007421970367431641|0.0026175975799560547
0.0007355213165283203|0.0027353763580322266
0.0007233619689941406|0.002696514129638672
0.0006976127624511719|0.0028574466705322266
0.0007822513580322266|0.0026128292083740234
0.0007255077362060547|0.002579927444458008
0.0007636547088623047|0.0024328231811523438
0.0007369518280029297|0.0026009082794189453
0.0006868839263916016|0.0024499893188476562
0.0007631778717041016|0.002621173858642578
0.0007333755493164062|0.0029802322387695312
0.0008280277252197266|0.0027196407318115234
0.0006811618804931641|0.002567768096923828
0.0007178783416748047|0.002707958221435547
0.0007531642913818359|0.0025374889373779297
0.0008416175842285156|0.0024805068969726562
0.0007345676422119141|0.00246429443359375
0.0007174015045166016|0.0022592544555664062
0.0007894039154052734|0.0024271011352539062
0.0007948875427246094|0.002695322036743164
0.0008702278137207031|0.002341747283935547
0.0007557868957519531|0.0024929046630859375
0.0007624626159667969|0.0026497840881347656
0.0007536411285400391|0.0025708675384521484
0.0009250640869140625|0.0024526119232177734
0.0007748603820800781|0.002750396728515625
0.0007765293121337891|0.0026230812072753906
0.000743865966796875|0.002324819564819336
0.0008602142333984375|0.0025653839111328125
0.0007526874542236328|0.003050088882446289
0.0007407665252685547|0.0024127960205078125
0.0007815361022949219|0.0028324127197265625
0.0006902217864990234|0.0028030872344970703
0.0007321834564208984|0.0030050277709960938
0.0007688999176025391|0.0025005340576171875
0.0007181167602539062|0.0025243759155273438
0.0008013248443603516|0.0024483203887939453
0.0008373260498046875|0.0025894641876220703
0.0007348060607910156|0.0026345252990722656
0.0008373260498046875|0.0023651123046875
0.0007197856903076172|0.00223541259765625
0.000736236572265625|0.002345561981201172
0.0006666183471679688|0.002649545669555664
0.0007641315460205078|0.0022749900817871094
0.0007846355438232422|0.002394437789916992
0.0007350444793701172|0.0024576187133789062
0.0007586479187011719|0.0024802684783935547
0.0007798671722412109|0.0025005340576171875
0.0007569789886474609|0.0025320053100585938
0.0007748603820800781|0.002469778060913086
0.0007760524749755859|0.002569437026977539
0.0008795261383056641|0.002457857131958008
0.0006949901580810547|0.002439737319946289
0.0007433891296386719|0.0027556419372558594
0.000942230224609375|0.002613544464111328
0.0008432865142822266|0.0025472640991210938
0.0008137226104736328|0.002610445022583008
0.0007119178771972656|0.0024852752685546875
0.0006847381591796875|0.0026366710662841797
0.0007524490356445312|0.0025322437286376953
0.0008282661437988281|0.0023877620697021484
0.0008206367492675781|0.0022745132446289062
0.0007157325744628906|0.00250244140625
0.0007729530334472656|0.002452850341796875
0.0007944107055664062|0.0023488998413085938
0.0007319450378417969|0.0024483203887939453
0.0007739067077636719|0.002254009246826172
0.0006387233734130859|0.0024459362030029297
0.0007410049438476562|0.0027396678924560547
0.0007505416870117188|0.0029366016387939453
0.0007274150848388672|0.002302408218383789
0.0008285045623779297|0.002514362335205078
0.0006916522979736328|0.0026934146881103516
0.0006837844848632812|0.0025260448455810547
0.0007708072662353516|0.002779722213745117
0.0007936954498291016|0.002413511276245117
0.0007700920104980469|0.002537965774536133
0.0007300376892089844|0.002421140670776367
0.0007824897766113281|0.002370595932006836
0.000812530517578125|0.002918720245361328
0.0007631778717041016|0.002499818801879883
0.0008814334869384766|0.0026264190673828125
0.0008220672607421875|0.0025720596313476562
0.0007066726684570312|0.0023834705352783203
0.0007548332214355469|0.0022568702697753906
0.0008027553558349609|0.0022497177124023438
0.0007750988006591797|0.002258777618408203
0.0007219314575195312|0.0028493404388427734
0.0008356571197509766|0.002356290817260742
0.0008561611175537109|0.0026912689208984375
0.0007631778717041016|0.002631664276123047
0.0007393360137939453|0.0022122859954833984
0.0006680488586425781|0.002134084701538086
0.0006866455078125|0.0025107860565185547
0.0007905960083007812|0.0024852752685546875
0.0007600784301757812|0.0023365020751953125
0.0007772445678710938|0.0023839473724365234
0.0007357597351074219|0.002398252487182617
0.0007443428039550781|0.0024106502532958984
0.0007448196411132812|0.0021393299102783203
0.0007460117340087891|0.0021250247955322266
0.0008261203765869141|0.0021619796752929688
0.0007152557373046875|0.0022420883178710938
0.0007050037384033203|0.0021941661834716797
0.0007574558258056641|0.0022177696228027344
0.0007464885711669922|0.002448558807373047
0.0007560253143310547|0.002414703369140625
0.0007081031799316406|0.0021758079528808594
0.0007226467132568359|0.002053499221801758
0.0007460117340087891|0.002185344696044922
0.0007333755493164062|0.002124309539794922
0.0007712841033935547|0.0023050308227539062
0.0006921291351318359|0.002093791961669922
0.0008425712585449219|0.0022373199462890625
0.0007638931274414062|0.002161264419555664
0.0009505748748779297|0.0023086071014404297
0.0007884502410888672|0.0025997161865234375
0.0007882118225097656|0.0021255016326904297
0.0007684230804443359|0.002323627471923828
0.0007908344268798828|0.0024650096893310547
0.0008087158203125|0.002222299575805664
0.0007445812225341797|0.0020914077758789062
0.0007855892181396484|0.0024399757385253906
0.0006837844848632812|0.002292156219482422
0.0007567405700683594|0.0023467540740966797
0.0008771419525146484|0.002444028854370117
0.0008308887481689453|0.0023810863494873047
0.0006997585296630859|0.0025582313537597656
0.0007364749908447266|0.002949237823486328
0.0008075237274169922|0.0025882720947265625
0.0008285045623779297|0.002729654312133789
0.0008149147033691406|0.0023670196533203125
0.0007727146148681641|0.002650737762451172
0.0007390975952148438|0.0027332305908203125
0.0008039474487304688|0.0024454593658447266
0.0007796287536621094|0.0025501251220703125
0.0007748603820800781|0.002428770065307617
0.0007348060607910156|0.0020856857299804688
0.0007297992706298828|0.002320528030395508
0.0008349418640136719|0.0021991729736328125
0.0006866455078125|0.0021309852600097656
0.0007231235504150391|0.002371072769165039
0.0007126331329345703|0.002294778823852539
0.0007181167602539062|0.002237081527709961
0.0007746219635009766|0.0021927356719970703
0.0008280277252197266|0.002159595489501953
0.0007214546203613281|0.0021791458129882812
0.0006709098815917969|0.002042055130004883
0.0007388591766357422|0.002347230911254883
0.0007762908935546875|0.0023641586303710938
0.0007722377777099609|0.0021228790283203125
0.0007770061492919922|0.0020825862884521484
0.0006680488586425781|0.0021402835845947266
0.0007126331329345703|0.0021517276763916016
0.0007905960083007812|0.0023474693298339844
0.0007808208465576172|0.0026018619537353516
0.0007309913635253906|0.00220489501953125
0.0006973743438720703|0.0021255016326904297
0.0006885528564453125|0.0021445751190185547
0.0008111000061035156|0.0021767616271972656
0.0007905960083007812|0.0024094581604003906
0.0009114742279052734|0.002085447311401367
0.0006883144378662109|0.0021789073944091797
0.000728607177734375|0.002052783966064453
0.00081634521484375|0.002245664596557617
0.0007846355438232422|0.002155780792236328
0.0008137226104736328|0.0020401477813720703
0.0007669925689697266|0.0020935535430908203
0.0007143020629882812|0.0020797252655029297
0.0007193088531494141|0.0021314620971679688
0.0008165836334228516|0.0022552013397216797
0.0007388591766357422|0.0021212100982666016
0.0007445812225341797|0.0020494461059570312
0.0007436275482177734|0.0022034645080566406
0.0007576942443847656|0.002133607864379883
0.0008001327514648438|0.002082347869873047
0.0007588863372802734|0.0020227432250976562
0.0007028579711914062|0.0021028518676757812
0.0008509159088134766|0.0025162696838378906
0.0007491111755371094|0.0025277137756347656
0.0008280277252197266|0.001996755599975586
0.0007920265197753906|0.0020444393157958984
0.0007405281066894531|0.00205230712890625
0.0007064342498779297|0.0021066665649414062
0.0007691383361816406|0.0021893978118896484
0.0008056163787841797|0.002191305160522461
0.0007977485656738281|0.0024836063385009766
0.0006756782531738281|0.002112150192260742
0.0007390975952148438|0.002131223678588867
0.0007464885711669922|0.0023200511932373047
0.0007429122924804688|0.002161741256713867
0.0007507801055908203|0.002162933349609375
0.0006930828094482422|0.0020799636840820312
0.0008261203765869141|0.001998424530029297
0.000789642333984375|0.0020020008087158203
0.0007593631744384766|0.0021941661834716797
0.0007467269897460938|0.0020906925201416016
0.0007598400115966797|0.0019845962524414062
0.0007414817810058594|0.0022280216217041016
0.0007236003875732422|0.0021698474884033203
0.0008151531219482422|0.0021927356719970703
0.0008392333984375|0.0020825862884521484
0.0007939338684082031|0.0025892257690429688
0.0007293224334716797|0.0022363662719726562
0.0008454322814941406|0.0025148391723632812
0.0008740425109863281|0.002275228500366211
0.0008189678192138672|0.002074003219604492
0.0007855892181396484|0.0025620460510253906
0.0007529258728027344|0.0020394325256347656
0.0007529258728027344|0.002018451690673828
0.0007343292236328125|0.0021505355834960938
0.0007598400115966797|0.0021016597747802734
0.0007288455963134766|0.0022020339965820312
0.0008687973022460938|0.0019774436950683594
0.0008120536804199219|0.002171754837036133
0.0008263587951660156|0.002053499221801758
0.0007617473602294922|0.0021657943725585938
0.0007543563842773438|0.0021741390228271484
0.0008366107940673828|0.0020318031311035156
0.0008301734924316406|0.0021517276763916016
0.0008282661437988281|0.0020079612731933594
0.0007250308990478516|0.0019774436950683594
0.0007631778717041016|0.002153158187866211
0.0007991790771484375|0.002010345458984375
0.0008268356323242188|0.002109527587890625
0.0007662773132324219|0.0019931793212890625
0.0007848739624023438|0.0020055770874023438
0.0008554458618164062|0.002086639404296875
0.0007734298706054688|0.001988649368286133
0.0007619857788085938|0.001979351043701172
0.0008418560028076172|0.0020127296447753906
0.0008537769317626953|0.002084016799926758
0.0008776187896728516|0.0019826889038085938
0.0007948875427246094|0.002178668975830078
0.0007941722869873047|0.002185821533203125
0.0007805824279785156|0.0020360946655273438
0.0007598400115966797|0.0019617080688476562
0.0007302761077880859|0.0020520687103271484
0.0009007453918457031|0.002093076705932617
0.0007910728454589844|0.0019505023956298828
0.0007648468017578125|0.002153635025024414
0.0008482933044433594|0.0019865036010742188
0.0008139610290527344|0.002278566360473633
0.0007760524749755859|0.001997232437133789
0.0008511543273925781|0.001991748809814453
0.0008261203765869141|0.002244234085083008
0.0007503032684326172|0.00217437744140625
0.0007455348968505859|0.002215862274169922
0.0007195472717285156|0.002193450927734375
0.0007658004760742188|0.002095937728881836
0.0007741451263427734|0.0020542144775390625
0.0007967948913574219|0.0020673274993896484
0.0010800361633300781|0.002028226852416992
0.0008060932159423828|0.002431154251098633
0.0007956027984619141|0.002073526382446289
0.0007178783416748047|0.0023162364959716797
0.0007350444793701172|0.001953125
0.0009150505065917969|0.0021562576293945312
0.0007822513580322266|0.002183198928833008
0.0007584095001220703|0.0021712779998779297
0.0008370876312255859|0.001966238021850586
0.0007386207580566406|0.002073526382446289
0.0006566047668457031|0.0019712448120117188
0.0007410049438476562|0.002035856246948242
0.0007827281951904297|0.0020203590393066406
0.0007107257843017578|0.0023565292358398438
0.0007815361022949219|0.0021228790283203125
0.00070953369140625|0.002173185348510742
0.0008394718170166016|0.0022754669189453125
0.0007321834564208984|0.002041339874267578
0.000743865966796875|0.0020537376403808594
0.0007839202880859375|0.002137899398803711
0.0007309913635253906|0.0021390914916992188
0.000782012939453125|0.002503633499145508
0.0008683204650878906|0.002032756805419922
0.0007314682006835938|0.001965761184692383
0.0007290840148925781|0.0020189285278320312
0.0007731914520263672|0.001998424530029297
0.0007007122039794922|0.0021588802337646484
0.0007812976837158203|0.0020377635955810547
0.000759124755859375|0.002173900604248047
0.0007450580596923828|0.0018737316131591797
0.0007836818695068359|0.002064228057861328
0.0007274150848388672|0.001989603042602539
0.0007827281951904297|0.0020673274993896484
0.0007212162017822266|0.0020220279693603516
0.0007646083831787109|0.002309560775756836
0.0007152557373046875|0.0020875930786132812
0.0007572174072265625|0.0021371841430664062
0.0007815361022949219|0.002063751220703125
0.0007965564727783203|0.0019941329956054688
0.0007615089416503906|0.0021986961364746094
0.0007307529449462891|0.0019147396087646484
0.0006856918334960938|0.0021581649780273438
0.0007843971252441406|0.002123117446899414
0.000782012939453125|0.0020172595977783203
0.0007579326629638672|0.0021555423736572266
0.0006597042083740234|0.0021905899047851562
0.0007493495941162109|0.0019390583038330078
0.0007545948028564453|0.0020914077758789062
0.0007951259613037109|0.002073526382446289
0.0007724761962890625|0.0020585060119628906
0.0007278919219970703|0.0020418167114257812
0.000652313232421875|0.00213623046875
0.0007677078247070312|0.002041339874267578
0.0006906986236572266|0.0019905567169189453
0.0007932186126708984|0.00218963623046875
0.0007333755493164062|0.002066373825073242
0.0007374286651611328|0.001953601837158203
0.0007927417755126953|0.0020601749420166016
0.0008144378662109375|0.0018794536590576172
0.0007104873657226562|0.002023458480834961
0.0007059574127197266|0.002015352249145508
0.0007293224334716797|0.002032041549682617
0.0007171630859375|0.0020406246185302734
0.0007493495941162109|0.0019016265869140625
0.0007715225219726562|0.0020563602447509766
0.0007171630859375|0.001959085464477539
0.0007526874542236328|0.002066373825073242
0.0007491111755371094|0.002065896987915039
0.0007202625274658203|0.0019006729125976562
0.0007541179656982422|0.0021190643310546875
0.0007157325744628906|0.0021233558654785156
0.0006823539733886719|0.0019485950469970703
0.0007777214050292969|0.002045869827270508
0.0007393360137939453|0.002009153366088867
0.0008563995361328125|0.0020554065704345703
0.0006778240203857422|0.0020923614501953125
0.0007565021514892578|0.0020928382873535156
0.0008053779602050781|0.00196075439453125
0.0007891654968261719|0.002137899398803711
0.0008084774017333984|0.0021517276763916016
0.0007278919219970703|0.002321481704711914
0.0007300376892089844|0.001867055892944336
0.0008018016815185547|0.0021276473999023438
0.0007257461547851562|0.0021615028381347656
0.0007736682891845703|0.0019147396087646484
0.0007293224334716797|0.0019271373748779297
0.0007481575012207031|0.002051115036010742
0.0007607936859130859|0.0020821094512939453
0.00079345703125|0.0018930435180664062
0.0007784366607666016|0.0018737316131591797
0.0007424354553222656|0.002003908157348633
0.0007848739624023438|0.0017979145050048828
0.0008070468902587891|0.0019369125366210938
0.0007779598236083984|0.0018925666809082031
0.0007421970367431641|0.0019690990447998047
0.0007328987121582031|0.001981973648071289
0.0007483959197998047|0.002209186553955078
0.0008249282836914062|0.0019304752349853516
0.0008294582366943359|0.0019237995147705078
0.0007312297821044922|0.0019481182098388672
0.0007791519165039062|0.002105236053466797
0.0007243156433105469|0.0019538402557373047
0.0007457733154296875|0.0019314289093017578
0.0008001327514648438|0.0021011829376220703
0.0007531642913818359|0.002002239227294922
0.0007569789886474609|0.0019526481628417969
0.0008001327514648438|0.0018804073333740234
0.0007691383361816406|0.0020689964294433594
0.0007460117340087891|0.002177715301513672
0.0007872581481933594|0.002041339874267578
0.0007557868957519531|0.0020411014556884766
0.0007274150848388672|0.0018358230590820312
0.0008893013000488281|0.001856088638305664
0.0007920265197753906|0.0018672943115234375
0.0008177757263183594|0.0018620491027832031
0.0007238388061523438|0.0019927024841308594
0.0007603168487548828|0.001989126205444336
0.0007305145263671875|0.0019073486328125
0.0007662773132324219|0.0018930435180664062
0.0008227825164794922|0.0018329620361328125
0.0007266998291015625|0.001997709274291992
0.0007317066192626953|0.0022296905517578125
0.0008165836334228516|0.0019981861114501953
0.0008666515350341797|0.002167224884033203
0.0008485317230224609|0.0018928050994873047
0.0007469654083251953|0.0018773078918457031
0.00069427490234375|0.0020172595977783203
0.0007560253143310547|0.001931905746459961
0.0007750988006591797|0.0020072460174560547
0.0007817745208740234|0.0019063949584960938
0.0007371902465820312|0.0019664764404296875
0.0007700920104980469|0.0021424293518066406
0.0007610321044921875|0.0017919540405273438
0.0007734298706054688|0.001965761184692383
0.0007212162017822266|0.0018787384033203125
0.0007264614105224609|0.0020737648010253906
0.0007681846618652344|0.0020401477813720703
0.0007493495941162109|0.002079486846923828
0.0008051395416259766|0.001855611801147461
0.0008718967437744141|0.001932382583618164
0.0006749629974365234|0.0019221305847167969
0.0006899833679199219|0.002091646194458008
0.0007524490356445312|0.0021381378173828125
0.0006988048553466797|0.0020771026611328125
0.0008075237274169922|0.0019004344940185547
0.0007882118225097656|0.0019762516021728516
0.0006957054138183594|0.0017855167388916016
0.0007894039154052734|0.001964569091796875
0.0007522106170654297|0.0018804073333740234
0.0007534027099609375|0.002088785171508789
0.0007123947143554688|0.001990079879760742
0.0007212162017822266|0.0017726421356201172
0.0008370876312255859|0.0019178390502929688
0.0007636547088623047|0.001999378204345703
0.0006959438323974609|0.0021610260009765625
0.0007038116455078125|0.001863718032836914
0.0007150173187255859|0.002245664596557617
0.00070953369140625|0.002067089080810547
0.0007772445678710938|0.0018939971923828125
0.0008118152618408203|0.0018773078918457031
0.0008249282836914062|0.0020198822021484375
0.0009603500366210938|0.0020418167114257812
0.0007605552673339844|0.0021250247955322266
0.0008172988891601562|0.001956939697265625
0.0007977485656738281|0.0019068717956542969
0.0007586479187011719|0.0019314289093017578
0.0006604194641113281|0.0020623207092285156
0.0007867813110351562|0.0020208358764648438
0.0007808208465576172|0.0019419193267822266
0.0007936954498291016|0.002030611038208008
0.0007493495941162109|0.0019931793212890625
0.0007727146148681641|0.0020439624786376953
0.0008459091186523438|0.0019578933715820312
0.0007567405700683594|0.0021848678588867188
0.0006899833679199219|0.0020799636840820312
0.0007102489471435547|0.0023207664489746094
0.0007798671722412109|0.001934051513671875
0.000751495361328125|0.0018944740295410156
0.0006740093231201172|0.001857757568359375
0.0007371902465820312|0.0018177032470703125
0.0006706714630126953|0.0019659996032714844
0.000736236572265625|0.0018992424011230469
0.0008213520050048828|0.0020668506622314453
0.0008118152618408203|0.0018520355224609375
0.0008215904235839844|0.002128124237060547
0.0007338523864746094|0.0017151832580566406
0.0007843971252441406|0.00200653076171875
0.0007574558258056641|0.0019159317016601562
0.0007929801940917969|0.0019130706787109375
0.0007846355438232422|0.0020456314086914062
0.0007491111755371094|0.0019562244415283203
0.0007245540618896484|0.001992940902709961
0.0008118152618408203|0.0018639564514160156
0.0008187294006347656|0.002001047134399414
0.0007801055908203125|0.001987934112548828
0.0006806850433349609|0.0018467903137207031
0.0008671283721923828|0.0018682479858398438
0.0007565021514892578|0.0020139217376708984
0.0008647441864013672|0.0019571781158447266
0.0007355213165283203|0.0019261837005615234
0.0007102489471435547|0.0017275810241699219
0.0007109642028808594|0.0019211769104003906
0.0007700920104980469|0.001922607421875
0.0008804798126220703|0.0019783973693847656
0.0007441043853759766|0.001874685287475586
0.0007116794586181641|0.001800537109375
0.0007266998291015625|0.0019998550415039062
0.0007855892181396484|0.0019366741180419922
0.0008094310760498047|0.002061605453491211
0.0007252693176269531|0.0019631385803222656
0.0007357597351074219|0.00197601318359375
0.0008113384246826172|0.0023794174194335938
0.0007998943328857422|0.001950979232788086
0.0007770061492919922|0.002034902572631836
0.0006937980651855469|0.00189208984375
0.0007212162017822266|0.001996278762817383
0.0006923675537109375|0.0019812583923339844
0.0007841587066650391|0.0019261837005615234
0.00075531005859375|0.0017805099487304688
0.0007827281951904297|0.0019338130950927734
0.00075531005859375|0.002015352249145508
0.0006873607635498047|0.0018842220306396484
0.0007805824279785156|0.002057313919067383
0.0007903575897216797|0.001961231231689453
0.0007719993591308594|0.0018529891967773438
0.000701904296875|0.0018265247344970703
0.0007467269897460938|0.001965045928955078
0.0007662773132324219|0.0019142627716064453
0.0007739067077636719|0.0019466876983642578
0.0008099079132080078|0.0018928050994873047
0.0007417201995849609|0.0021376609802246094
0.0007607936859130859|0.0020570755004882812
0.0008335113525390625|0.0018727779388427734
0.0007681846618652344|0.0020227432250976562
0.0007944107055664062|0.0019011497497558594
0.0006468296051025391|0.0018489360809326172
0.0007092952728271484|0.0019533634185791016
0.0006935596466064453|0.002157449722290039
0.0007431507110595703|0.0019290447235107422
0.0007808208465576172|0.0022106170654296875
0.000701904296875|0.001973867416381836
0.0008251667022705078|0.002069234848022461
0.0008041858673095703|0.0020170211791992188
0.0007524490356445312|0.001977205276489258
0.0007805824279785156|0.0019328594207763672
0.0007076263427734375|0.0019261837005615234
0.0006806850433349609|0.0018901824951171875
0.0008928775787353516|0.0019218921661376953
0.0007648468017578125|0.0018248558044433594
0.0008020401000976562|0.0018701553344726562
0.0007340908050537109|0.0018420219421386719
0.0007336139678955078|0.0020813941955566406
0.0008134841918945312|0.001840829849243164
0.0007355213165283203|0.001901865005493164
0.0007381439208984375|0.001897573471069336
0.0007402896881103516|0.0019631385803222656
0.0007421970367431641|0.0019335746765136719
0.0007243156433105469|0.0018765926361083984
0.0007045269012451172|0.0019478797912597656
0.000762939453125|0.001804351806640625
0.0007183551788330078|0.0017821788787841797
0.0007426738739013672|0.002159595489501953
0.0007834434509277344|0.0018231868743896484
0.0007703304290771484|0.002017498016357422
0.0007758140563964844|0.0020475387573242188
0.0008037090301513672|0.0018837451934814453
0.0007078647613525391|0.0017659664154052734
0.0008208751678466797|0.0018486976623535156
0.0007202625274658203|0.0018587112426757812
0.0007596015930175781|0.0017421245574951172
0.000732421875|0.0018267631530761719
0.0006749629974365234|0.0017883777618408203
0.0008263587951660156|0.0017092227935791016
0.0007252693176269531|0.0018451213836669922
0.0008132457733154297|0.0018570423126220703
0.0007197856903076172|0.0018677711486816406
0.0007331371307373047|0.0017654895782470703
0.0008974075317382812|0.001664876937866211
0.0007965564727783203|0.002055644989013672
0.0007071495056152344|0.0018854141235351562
0.0008003711700439453|0.0015823841094970703
0.0007226467132568359|0.0016698837280273438
0.0007929801940917969|0.0019059181213378906
0.0008168220520019531|0.0019125938415527344
0.0007584095001220703|0.0016677379608154297
0.0007429122924804688|0.0019004344940185547
0.0007109642028808594|0.0016756057739257812
0.0007212162017822266|0.0019843578338623047
0.0007867813110351562|0.0017592906951904297
0.0007703304290771484|0.0019409656524658203
0.0006957054138183594|0.001875162124633789
0.0007700920104980469|0.001934051513671875
0.0007131099700927734|0.0018322467803955078
0.0007414817810058594|0.0018334388732910156
0.0007870197296142578|0.0019290447235107422
0.0006635189056396484|0.0019381046295166016
0.0007719993591308594|0.0018875598907470703
0.0007469654083251953|0.001817941665649414
0.0007414817810058594|0.0018651485443115234
0.0007810592651367188|0.0019333362579345703
0.0008029937744140625|0.0017855167388916016
0.0007131099700927734|0.0018985271453857422
0.0007495880126953125|0.0018842220306396484
0.0007460117340087891|0.001993417739868164
0.0007486343383789062|0.0018351078033447266
0.000701904296875|0.0018017292022705078
0.0007910728454589844|0.0017294883728027344
0.0007560253143310547|0.0018017292022705078
0.0008018016815185547|0.0019693374633789062
0.0007772445678710938|0.0017597675323486328
0.0007026195526123047|0.0018508434295654297
0.000720977783203125|0.001912832260131836
0.0007178783416748047|0.002025604248046875
0.0007467269897460938|0.0018324851989746094
0.0007851123809814453|0.0018084049224853516
0.0007171630859375|0.0018792152404785156
0.0007295608520507812|0.0018494129180908203
0.0007710456848144531|0.0019073486328125
0.0007495880126953125|0.001964092254638672
0.0007805824279785156|0.0019769668579101562
0.0007486343383789062|0.0018825531005859375
0.0007016658782958984|0.001783609390258789
0.0007903575897216797|0.0019268989562988281
0.00072479248046875|0.002020120620727539
0.0007596015930175781|0.002167224884033203
0.0007262229919433594|0.002016782760620117
0.0007562637329101562|0.0019218921661376953
0.0007715225219726562|0.0020172595977783203
0.0008111000061035156|0.0019292831420898438
0.0007126331329345703|0.0019197463989257812
0.0007200241088867188|0.0019860267639160156
0.0006959438323974609|0.002038717269897461
0.0007517337799072266|0.0021038055419921875
0.0007469654083251953|0.0019054412841796875
0.0008018016815185547|0.0019054412841796875
0.0006992816925048828|0.0019125938415527344
0.0007369518280029297|0.0018062591552734375
0.0007615089416503906|0.001939535140991211
0.0007441043853759766|0.0018754005432128906
0.0008029937744140625|0.0021729469299316406
0.0006892681121826172|0.002025127410888672
0.0007727146148681641|0.001953601837158203
0.0007374286651611328|0.0018680095672607422
0.0007677078247070312|0.0019061565399169922
0.000732421875|0.0018470287322998047
0.0007779598236083984|0.0019028186798095703
0.0006806850433349609|0.0018711090087890625
0.0007071495056152344|0.0018107891082763672
0.0008592605590820312|0.0018434524536132812
0.0007185935974121094|0.0018630027770996094
0.0007050037384033203|0.0019969940185546875
0.0007510185241699219|0.0020360946655273438
0.0007410049438476562|0.002127408981323242
0.0008041858673095703|0.001911163330078125
0.000675201416015625|0.002094745635986328
0.0006821155548095703|0.0018658638000488281
0.0007240772247314453|0.0017549991607666016
0.0007069110870361328|0.002011537551879883
0.0007522106170654297|0.0019011497497558594
0.0008330345153808594|0.002009153366088867
0.0006322860717773438|0.001909494400024414
0.0007593631744384766|0.0020759105682373047
0.0007317066192626953|0.0018472671508789062
0.0007083415985107422|0.0017964839935302734
0.0007727146148681641|0.001911163330078125
0.0006804466247558594|0.001859903335571289
0.0007426738739013672|0.001855611801147461
0.0007350444793701172|0.0018804073333740234
0.0007076263427734375|0.001847982406616211
0.0007686614990234375|0.0019059181213378906
0.0007009506225585938|0.001920938491821289
0.0006685256958007812|0.0020627975463867188
0.0008592605590820312|0.001973867416381836
0.0007517337799072266|0.0018486976623535156
0.0007584095001220703|0.0017743110656738281
0.0007255077362060547|0.0017862319946289062
0.0006854534149169922|0.0018732547760009766
0.0007107257843017578|0.001996755599975586
0.0007495880126953125|0.0019075870513916016
0.0007238388061523438|0.0019185543060302734
0.0009300708770751953|0.0017833709716796875
0.0006783008575439453|0.0019307136535644531
0.0007534027099609375|0.0018558502197265625
0.0007500648498535156|0.001976490020751953
0.0007588863372802734|0.0019071102142333984
0.0007255077362060547|0.0021877288818359375
0.0007493495941162109|0.002023935317993164
0.0006959438323974609|0.0019025802612304688
0.0007598400115966797|0.0018868446350097656
0.0008351802825927734|0.0018396377563476562
0.0007021427154541016|0.0021071434020996094
0.0008351802825927734|0.0020771026611328125
0.0007901191711425781|0.001844167709350586
0.0007824897766113281|0.0020208358764648438
0.0008296966552734375|0.0016756057739257812
0.0006988048553466797|0.0018086433410644531
0.0006883144378662109|0.0017998218536376953
0.0007953643798828125|0.0017282962799072266
0.000751495361328125|0.0019347667694091797
0.0007846355438232422|0.0019023418426513672
0.0007336139678955078|0.0019335746765136719
0.0007586479187011719|0.0020008087158203125
0.0008296966552734375|0.0018241405487060547
0.0007164478302001953|0.001965761184692383
0.0007162094116210938|0.0018787384033203125
0.0007495880126953125|0.00196075439453125
0.0007615089416503906|0.001951456069946289
0.0008175373077392578|0.0018527507781982422
0.0007917881011962891|0.0018463134765625
0.0008058547973632812|0.0018188953399658203
0.0009107589721679688|0.0018548965454101562
0.0007069110870361328|0.0020623207092285156
0.0008656978607177734|0.0018858909606933594
0.0007679462432861328|0.001870870590209961
0.0008368492126464844|0.0021657943725585938
0.0007193088531494141|0.0019769668579101562
0.0008060932159423828|0.0019254684448242188
0.0007963180541992188|0.0018949508666992188
0.0015225410461425781|0.0019292831420898438
0.0007593631744384766|0.0019936561584472656
0.0006566047668457031|0.0018532276153564453
0.0007214546203613281|0.001852273941040039
0.0007498264312744141|0.0018589496612548828
0.0007631778717041016|0.001909494400024414
0.0007719993591308594|0.0019028186798095703
0.0007262229919433594|0.0017206668853759766
0.0007083415985107422|0.0019044876098632812
0.0007805824279785156|0.002051830291748047
0.0007615089416503906|0.0019834041595458984
0.0007750988006591797|0.0019063949584960938
0.0007586479187011719|0.0019211769104003906
0.0007710456848144531|0.0019073486328125
0.0008804798126220703|0.001756429672241211
0.0007781982421875|0.002044677734375
0.0007891654968261719|0.0020165443420410156
0.0007293224334716797|0.0017747879028320312
0.0007457733154296875|0.001918792724609375
0.0007653236389160156|0.0023386478424072266
0.0007727146148681641|0.0019419193267822266
0.0008046627044677734|0.0021169185638427734
0.0006985664367675781|0.0019011497497558594
0.0007266998291015625|0.0019507408142089844
0.0007750988006591797|0.0018892288208007812
0.0008628368377685547|0.0019369125366210938
0.0007877349853515625|0.00206756591796875
0.0007557868957519531|0.0018258094787597656
0.0006799697875976562|0.0018839836120605469
0.0007991790771484375|0.0019614696502685547
0.0007703304290771484|0.002068758010864258
0.0008087158203125|0.0017948150634765625
0.0007145404815673828|0.0018296241760253906
0.0007157325744628906|0.001912832260131836
0.0007469654083251953|0.002111673355102539
0.00075531005859375|0.0019118785858154297
0.0007059574127197266|0.0021224021911621094
0.0007042884826660156|0.0018677711486816406
0.0007450580596923828|0.0018420219421386719
0.0007355213165283203|0.0019180774688720703
0.0007348060607910156|0.0018646717071533203
0.0007047653198242188|0.0018379688262939453
0.0007236003875732422|0.0018799304962158203
0.0007154941558837891|0.002119302749633789
0.0007107257843017578|0.001901388168334961
0.0007116794586181641|0.0018627643585205078
0.0007836818695068359|0.0018150806427001953
0.0007302761077880859|0.0019948482513427734
0.0006873607635498047|0.0017693042755126953
0.0008847713470458984|0.0019571781158447266
0.0006937980651855469|0.0023076534271240234
0.0007379055023193359|0.0019366741180419922
0.0006878376007080078|0.002008676528930664
0.0007240772247314453|0.002147197723388672
0.0008108615875244141|0.0018279552459716797
0.0007402896881103516|0.0018527507781982422
0.0007841587066650391|0.0018079280853271484
0.0006914138793945312|0.002131938934326172
0.0007479190826416016|0.001867532730102539
0.0007455348968505859|0.0018780231475830078
0.0007419586181640625|0.002038240432739258
0.0007767677307128906|0.0018739700317382812
0.0007147789001464844|0.001912832260131836
0.0007367134094238281|0.0019850730895996094
0.0007374286651611328|0.0019617080688476562
0.0007960796356201172|0.0018079280853271484
0.0008301734924316406|0.002116680145263672
0.0006890296936035156|0.0018062591552734375
0.0006864070892333984|0.001973390579223633
0.0007524490356445312|0.0017974376678466797
0.0006914138793945312|0.0017781257629394531
0.0007109642028808594|0.0018932819366455078
0.0007221698760986328|0.0017778873443603516
0.0007369518280029297|0.0018534660339355469
0.0007495880126953125|0.0018486976623535156
0.0007665157318115234|0.0018002986907958984
0.0007302761077880859|0.0018284320831298828
0.0007102489471435547|0.0018591880798339844
0.0007462501525878906|0.0019104480743408203
0.0007398128509521484|0.0016930103302001953
0.0007886886596679688|0.0017533302307128906
0.0007228851318359375|0.0017588138580322266
0.0007154941558837891|0.0016460418701171875
0.0008137226104736328|0.001882791519165039
0.0007174015045166016|0.001911163330078125
0.0006966590881347656|0.002110719680786133
0.0007083415985107422|0.0019404888153076172
0.0007822513580322266|0.001863241195678711
0.0007507801055908203|0.0021278858184814453
0.0007443428039550781|0.0019788742065429688
0.0007741451263427734|0.001882791519165039
0.0007355213165283203|0.0020761489868164062
0.0006859302520751953|0.0017156600952148438
0.0006706714630126953|0.0018815994262695312
0.0008072853088378906|0.0019643306732177734
0.0008003711700439453|0.0018541812896728516
0.0007450580596923828|0.0018718242645263672
0.0007762908935546875|0.0018222332000732422
0.0007226467132568359|0.0020515918731689453
0.0007443428039550781|0.0018491744995117188
0.0007669925689697266|0.0018892288208007812
0.0006835460662841797|0.0020585060119628906
0.0006754398345947266|0.0017175674438476562
0.0007939338684082031|0.0018310546875
0.0007436275482177734|0.0019116401672363281
0.0007369518280029297|0.0019009113311767578
0.0007622241973876953|0.0018520355224609375
0.0007443428039550781|0.0018732547760009766
0.0006909370422363281|0.0019047260284423828
0.0007479190826416016|0.0018794536590576172
0.0007145404815673828|0.0018389225006103516
0.0007698535919189453|0.0017936229705810547
0.000705718994140625|0.0018563270568847656
0.0007126331329345703|0.0017101764678955078
0.0008134841918945312|0.0017151832580566406
0.0007486343383789062|0.0019252300262451172
0.0008435249328613281|0.001798868179321289
0.0006937980651855469|0.0016987323760986328
0.0007636547088623047|0.0017366409301757812
0.0008161067962646484|0.0019066333770751953
0.0007414817810058594|0.0018148422241210938
0.0007328987121582031|0.0018782615661621094
0.0006916522979736328|0.0018563270568847656
0.00077056884765625|0.0018494129180908203
0.0007135868072509766|0.0017917156219482422
0.0007989406585693359|0.0020503997802734375
0.0007388591766357422|0.0018584728240966797
0.0007379055023193359|0.0017971992492675781
0.0007352828979492188|0.001809835433959961
0.0007753372192382812|0.0019335746765136719
0.0007596015930175781|0.0017352104187011719
0.0007734298706054688|0.0018811225891113281
0.0007534027099609375|0.0018410682678222656
0.0007898807525634766|0.0017883777618408203
0.0006945133209228516|0.0017900466918945312
0.0007405281066894531|0.0018122196197509766
0.0007748603820800781|0.001852273941040039
0.0007164478302001953|0.0019409656524658203
0.0006968975067138672|0.001833200454711914
0.0008549690246582031|0.0021109580993652344
0.0007915496826171875|0.0019140243530273438
0.0008242130279541016|0.0018405914306640625
0.0007064342498779297|0.0018200874328613281
0.0007145404815673828|0.0018420219421386719
0.0007541179656982422|0.0017900466918945312
0.0007009506225585938|0.0018646717071533203
0.0007312297821044922|0.002626180648803711
0.0007348060607910156|0.0018117427825927734
0.0007510185241699219|0.0017940998077392578
0.0008022785186767578|0.001806497573852539
0.0007507801055908203|0.0018830299377441406
0.0007264614105224609|0.001977205276489258
0.0007343292236328125|0.0018718242645263672
0.0007448196411132812|0.0018820762634277344
0.0007925033569335938|0.0016715526580810547
0.0007476806640625|0.0018134117126464844
0.0008001327514648438|0.0018837451934814453
0.0006873607635498047|0.0019164085388183594
0.0007762908935546875|0.001867055892944336
0.0007357597351074219|0.0019211769104003906
0.0007224082946777344|0.0017974376678466797
0.0006918907165527344|0.0017821788787841797
0.0007011890411376953|0.0018241405487060547
0.0007088184356689453|0.002027750015258789
0.0008175373077392578|0.0018694400787353516
0.0008172988891601562|0.0018117427825927734
0.0007729530334472656|0.0021047592163085938
0.0006861686706542969|0.001737833023071289
0.0006937980651855469|0.0018413066864013672
0.0008745193481445312|0.001905679702758789
0.000797271728515625|0.0017971992492675781
0.0007495880126953125|0.0019109249114990234
0.0007138252258300781|0.001903533935546875
0.0007569789886474609|0.0018458366394042969
0.0007619857788085938|0.001773834228515625
0.0007677078247070312|0.001970052719116211
0.0005948543548583984|0.002070903778076172
0.0006961822509765625|0.0021636486053466797
0.0008897781372070312|0.0020134449005126953
0.0008251667022705078|0.0016672611236572266
0.0007290840148925781|0.0018353462219238281
0.0007495880126953125|0.0018193721771240234
0.0007414817810058594|0.002091646194458008
0.0007114410400390625|0.002203226089477539
0.0007603168487548828|0.0017135143280029297
0.0007531642913818359|0.0017638206481933594
0.0007724761962890625|0.0018241405487060547
0.0007228851318359375|0.0016651153564453125
0.0007259845733642578|0.0018236637115478516
0.0007936954498291016|0.0018541812896728516
0.0007092952728271484|0.0017235279083251953
0.0007402896881103516|0.0017671585083007812
0.0006990432739257812|0.0018835067749023438
0.0007159709930419922|0.0019245147705078125
0.0008349418640136719|0.0026094913482666016
0.0007956027984619141|0.00182342529296875
0.0007677078247070312|0.0023818016052246094
0.0007226467132568359|0.001924753189086914
0.0006725788116455078|0.0020401477813720703
0.0008745193481445312|0.001865386962890625
0.00072479248046875|0.0018308162689208984
0.0006959438323974609|0.0016431808471679688
0.0006780624389648438|0.0018315315246582031
0.000743865966796875|0.0018155574798583984
0.0007607936859130859|0.0017168521881103516
0.0007491111755371094|0.0018856525421142578
0.0006892681121826172|0.0017273426055908203
0.0007281303405761719|0.0018546581268310547
0.0007331371307373047|0.001730203628540039
0.0007259845733642578|0.0016744136810302734
0.0006999969482421875|0.0016930103302001953
0.0007078647613525391|0.002045154571533203
0.0006902217864990234|0.0017514228820800781
0.0007584095001220703|0.0017004013061523438
0.0007443428039550781|0.0017921924591064453
0.0007395744323730469|0.0018324851989746094
0.0007560253143310547|0.0017635822296142578
0.0007474422454833984|0.0018050670623779297
0.0006861686706542969|0.0018832683563232422
0.0007491111755371094|0.0016942024230957031
0.0007884502410888672|0.0017268657684326172
0.0006940364837646484|0.001748800277709961
0.0007045269012451172|0.0016255378723144531
0.0006778240203857422|0.0018792152404785156
0.0007348060607910156|0.0018591880798339844
0.0007462501525878906|0.001880645751953125
0.0006761550903320312|0.0016601085662841797
0.0006947517395019531|0.0017898082733154297
0.0007114410400390625|0.001789093017578125
0.0007355213165283203|0.0018839836120605469
0.0007686614990234375|0.0019054412841796875
0.0007624626159667969|0.0017900466918945312
0.0007786750793457031|0.0018045902252197266
0.0006935596466064453|0.0017399787902832031
0.0007774829864501953|0.0017654895782470703
0.0007476806640625|0.0018885135650634766
0.0008256435394287109|0.0018830299377441406
0.0006840229034423828|0.0018694400787353516
0.0007631778717041016|0.001855611801147461
0.00077056884765625|0.0018153190612792969
0.0008018016815185547|0.0016906261444091797
0.0008237361907958984|0.0018401145935058594
0.0007419586181640625|0.0018165111541748047
0.0006899833679199219|0.0017702579498291016
0.0007603168487548828|0.001958131790161133
0.0007283687591552734|0.0018317699432373047
0.0007781982421875|0.002003908157348633
0.0007126331329345703|0.0019068717956542969
0.0006694793701171875|0.001859426498413086
0.0009744167327880859|0.0017457008361816406
0.0007069110870361328|0.001855611801147461
0.0007016658782958984|0.001735687255859375
0.0006701946258544922|0.0016720294952392578
0.0007200241088867188|0.0019161701202392578
0.0006704330444335938|0.0016870498657226562
0.0007538795471191406|0.0019316673278808594
0.0007450580596923828|0.0017647743225097656
0.0006921291351318359|0.0018336772918701172
0.0007624626159667969|0.0017421245574951172
0.0006816387176513672|0.001657247543334961
0.0008244514465332031|0.0017879009246826172
0.0007414817810058594|0.001817464828491211
0.0006806850433349609|0.0018525123596191406
0.0006880760192871094|0.0019114017486572266
0.0007188320159912109|0.0016713142395019531
0.0007429122924804688|0.0019576549530029297
0.0007572174072265625|0.0016756057739257812
0.0006806850433349609|0.0017461776733398438
0.0006861686706542969|0.0021829605102539062
0.0007078647613525391|0.0017459392547607422
0.0007114410400390625|0.0018661022186279297
0.0007257461547851562|0.001798391342163086
0.0006992816925048828|0.0019769668579101562
0.0007295608520507812|0.0017313957214355469
0.0006806850433349609|0.0017476081848144531
0.0007736682891845703|0.0016627311706542969
0.0007188320159912109|0.0018460750579833984
0.0006458759307861328|0.0017426013946533203
0.00072479248046875|0.0017666816711425781
0.0007047653198242188|0.0018558502197265625
0.0007770061492919922|0.0015668869018554688
0.0007715225219726562|0.0018205642700195312
0.0007152557373046875|0.0017652511596679688
0.0007712841033935547|0.0018584728240966797
0.0006742477416992188|0.0017483234405517578
0.0007560253143310547|0.0018651485443115234
0.0008282661437988281|0.0017409324645996094
0.0006775856018066406|0.0018208026885986328
0.0007386207580566406|0.0017573833465576172
0.0007143020629882812|0.0017580986022949219
0.0008018016815185547|0.0018794536590576172
0.0007421970367431641|0.001804351806640625
0.0006580352783203125|0.002108335494995117
0.0006842613220214844|0.001786947250366211
0.0007493495941162109|0.001827239990234375
0.000766754150390625|0.001827239990234375
0.0007424354553222656|0.0018994808197021484
0.0006704330444335938|0.001844644546508789
0.0007150173187255859|0.0019254684448242188
0.0007658004760742188|0.0018763542175292969
0.0007445812225341797|0.0016963481903076172
0.0006456375122070312|0.001781463623046875
0.0006983280181884766|0.0022635459899902344
0.0007319450378417969|0.0020520687103271484
0.0007069110870361328|0.0018892288208007812
0.0007772445678710938|0.0020513534545898438
0.0007197856903076172|0.0019516944885253906
0.0006833076477050781|0.0018107891082763672
0.0006811618804931641|0.0016596317291259766
0.0007112026214599609|0.001795053482055664
0.0007748603820800781|0.0017712116241455078
0.000774383544921875|0.001847982406616211
0.0007255077362060547|0.0018205642700195312
0.0007336139678955078|0.0018024444580078125
0.0007338523864746094|0.0018506050109863281
0.0008168220520019531|0.0017518997192382812
0.0006806850433349609|0.0018100738525390625
0.00066375732421875|0.0017600059509277344
0.0006995201110839844|0.0018582344055175781
0.0007376670837402344|0.0017921924591064453
0.0007648468017578125|0.0018949508666992188
0.0007660388946533203|0.0018343925476074219
0.0006995201110839844|0.0019941329956054688
0.0007381439208984375|0.0018069744110107422
0.0007340908050537109|0.0018672943115234375
0.0007214546203613281|0.0018079280853271484
0.0007073879241943359|0.00173187255859375
0.0006847381591796875|0.0018732547760009766
0.0007293224334716797|0.0018105506896972656
0.0008029937744140625|0.001650094985961914
0.0006811618804931641|0.0015993118286132812
0.0007054805755615234|0.002022981643676758
0.000728607177734375|0.0018782615661621094
0.0007276535034179688|0.001940011978149414
0.0007476806640625|0.0017910003662109375
0.0008592605590820312|0.0017299652099609375
0.000827789306640625|0.001991748809814453
0.0006985664367675781|0.0018546581268310547
0.0007262229919433594|0.001842498779296875
0.0008032321929931641|0.0016660690307617188
0.0007746219635009766|0.0018973350524902344
0.000766754150390625|0.0018770694732666016
0.0006740093231201172|0.0017559528350830078
0.000762939453125|0.0017428398132324219
0.0007381439208984375|0.0017828941345214844
0.0008499622344970703|0.001851797103881836
0.0008490085601806641|0.0017168521881103516
0.0007312297821044922|0.0019016265869140625
0.0007374286651611328|0.001809835433959961
0.0007975101470947266|0.0017940998077392578
0.0007939338684082031|0.0019330978393554688
0.0007393360137939453|0.0019292831420898438
0.000682830810546875|0.0019443035125732422
0.0007677078247070312|0.0018024444580078125
0.0007429122924804688|0.0018515586853027344
0.0007102489471435547|0.0021331310272216797
0.0007402896881103516|0.0016918182373046875
0.0006597042083740234|0.0017120838165283203
0.0007367134094238281|0.0017998218536376953
0.0007953643798828125|0.0017614364624023438
0.0007028579711914062|0.001699686050415039
0.0007183551788330078|0.0018663406372070312
0.0007174015045166016|0.0018122196197509766
0.0007350444793701172|0.0016713142395019531
0.0007314682006835938|0.001726388931274414
0.0007603168487548828|0.0018308162689208984
0.0007386207580566406|0.0018014907836914062
0.0007557868957519531|0.0019540786743164062
0.0007300376892089844|0.0018222332000732422
0.0007276535034179688|0.0016994476318359375
0.0007417201995849609|0.0016908645629882812
0.0008533000946044922|0.0018339157104492188
0.0007338523864746094|0.0018467903137207031
0.0007317066192626953|0.0016753673553466797
0.0007586479187011719|0.0018603801727294922
0.0007243156433105469|0.0017244815826416016
0.00077056884765625|0.0017037391662597656
0.0006597042083740234|0.0016891956329345703
0.0008068084716796875|0.0016732215881347656
0.0007472038269042969|0.0019462108612060547
0.0008258819580078125|0.001882314682006836
0.0008757114410400391|0.0018155574798583984
0.000698089599609375|0.0019061565399169922
0.0007493495941162109|0.001739501953125
0.0008380413055419922|0.0017170906066894531
0.0007500648498535156|0.0017971992492675781
0.0006995201110839844|0.0018799304962158203
0.0006415843963623047|0.0019161701202392578
0.0007476806640625|0.0018095970153808594
0.0007600784301757812|0.0016748905181884766
0.0007784366607666016|0.001794576644897461
0.0007605552673339844|0.0016057491302490234
0.0007450580596923828|0.001898050308227539
0.0007197856903076172|0.001767873764038086
0.0007493495941162109|0.001728057861328125
0.0007987022399902344|0.0018012523651123047
0.0008223056793212891|0.0018687248229980469
0.0007100105285644531|0.0016949176788330078
0.0007293224334716797|0.0019268989562988281
0.0007414817810058594|0.001802206039428711
0.0007898807525634766|0.0017485618591308594
0.0007727146148681641|0.0018622875213623047
0.0007457733154296875|0.0018374919891357422
0.0007345676422119141|0.0017893314361572266
0.0007677078247070312|0.0016460418701171875
0.0008170604705810547|0.0018038749694824219
0.0007512569427490234|0.0017549991607666016
0.0006730556488037109|0.0017566680908203125
0.0007536411285400391|0.0017828941345214844
0.0007824897766113281|0.0018131732940673828
0.0007460117340087891|0.0016283988952636719
0.0007576942443847656|0.001756906509399414
0.0007441043853759766|0.0016794204711914062
0.0007004737854003906|0.0017020702362060547
0.0007169246673583984|0.0019524097442626953
0.0007910728454589844|0.0018551349639892578
0.001012563705444336|0.00182342529296875
0.0006921291351318359|0.0017018318176269531
0.000701904296875|0.001916646957397461
0.0007042884826660156|0.0016598701477050781
0.0007483959197998047|0.0017955303192138672
0.0008192062377929688|0.0018482208251953125
0.0007736682891845703|0.0020885467529296875
0.0007021427154541016|0.0018498897552490234
0.0007588863372802734|0.0017385482788085938
0.0008080005645751953|0.0017266273498535156
0.0007467269897460938|0.00164031982421875
0.0007348060607910156|0.0017819404602050781
0.0007772445678710938|0.0019085407257080078
0.0007617473602294922|0.0018901824951171875
0.0007998943328857422|0.0018320083618164062
0.0008351802825927734|0.0016884803771972656
0.0006973743438720703|0.0018138885498046875
0.0009720325469970703|0.0020062923431396484
0.0007984638214111328|0.0021212100982666016
0.0007297992706298828|0.0019006729125976562
0.0007824897766113281|0.0018892288208007812
0.0007131099700927734|0.001844167709350586
0.0007319450378417969|0.001630544662475586
0.0007278919219970703|0.0016355514526367188
0.0007712841033935547|0.001781463623046875
0.0008747577667236328|0.0019791126251220703
0.0007169246673583984|0.0017321109771728516
0.0006949901580810547|0.0017714500427246094
0.0006830692291259766|0.001804351806640625
0.0007779598236083984|0.0017268657684326172
0.0007517337799072266|0.0018284320831298828
0.0006899833679199219|0.0016541481018066406
0.0007355213165283203|0.0017309188842773438
0.0007486343383789062|0.0016624927520751953
0.0007390975952148438|0.0019221305847167969
0.0007336139678955078|0.00193023681640625
0.0006961822509765625|0.0016901493072509766
0.0007555484771728516|0.0018227100372314453
0.0007970333099365234|0.0016720294952392578
0.0007634162902832031|0.0019466876983642578
0.0007412433624267578|0.001735687255859375
0.0006744861602783203|0.0018551349639892578
0.0007078647613525391|0.0016448497772216797
0.0008234977722167969|0.0016279220581054688
0.00067901611328125|0.0017688274383544922
0.000797271728515625|0.0016620159149169922
0.0007128715515136719|0.0018496513366699219
0.0007405281066894531|0.0018470287322998047
0.0007791519165039062|0.0016715526580810547
0.0008096694946289062|0.0018563270568847656
0.0007939338684082031|0.0018436908721923828
0.0007417201995849609|0.0017464160919189453
0.0007524490356445312|0.0017480850219726562
0.0007588863372802734|0.0019044876098632812
0.0008022785186767578|0.0017158985137939453
0.0007791519165039062|0.0016739368438720703
0.0007462501525878906|0.0017409324645996094
0.0007617473602294922|0.0017018318176269531
0.0008711814880371094|0.0018610954284667969
0.0009033679962158203|0.0018727779388427734
0.0007352828979492188|0.0017549991607666016
0.0007774829864501953|0.0016870498657226562
0.0007154941558837891|0.0017576217651367188
0.0007977485656738281|0.001611471176147461
0.0007622241973876953|0.0017459392547607422
0.0007767677307128906|0.0016281604766845703
0.0007219314575195312|0.0017037391662597656
0.0007262229919433594|0.0018153190612792969
0.0007770061492919922|0.002050161361694336
0.0007853507995605469|0.0017344951629638672
0.0007877349853515625|0.0017178058624267578
0.0007910728454589844|0.0018155574798583984
0.0007395744323730469|0.0017597675323486328
0.0008218288421630859|0.0016102790832519531
0.0008003711700439453|0.001718759536743164
0.0008091926574707031|0.0016074180603027344
0.0007750988006591797|0.001806497573852539
0.0006933212280273438|0.0018944740295410156
0.0006897449493408203|0.0017447471618652344
0.0007731914520263672|0.0018820762634277344
0.0007436275482177734|0.001970529556274414
0.0007390975952148438|0.0017921924591064453
0.0006902217864990234|0.0018401145935058594
0.0009739398956298828|0.0019397735595703125
0.0007557868957519531|0.0016849040985107422
0.0007860660552978516|0.0018100738525390625
0.0006680488586425781|0.0017485618591308594
0.0007467269897460938|0.0016167163848876953
0.0007939338684082031|0.001810312271118164
0.0007584095001220703|0.0018231868743896484
0.0008237361907958984|0.001764059066772461
0.0007162094116210938|0.0017888545989990234
0.0007681846618652344|0.001653909683227539
0.0007507801055908203|0.0016045570373535156
0.0008141994476318359|0.0017511844635009766
0.0007638931274414062|0.0017178058624267578
0.0007321834564208984|0.001760244369506836
0.0007288455963134766|0.00167083740234375
0.0007770061492919922|0.0016448497772216797
0.0007793903350830078|0.0019268989562988281
0.0007517337799072266|0.0016067028045654297
0.0008349418640136719|0.0017197132110595703
0.0007393360137939453|0.0016937255859375
0.0007731914520263672|0.0017707347869873047
0.0008182525634765625|0.0019989013671875
0.0007765293121337891|0.001722097396850586
0.0007266998291015625|0.001857757568359375
0.0007033348083496094|0.0017457008361816406
0.0007901191711425781|0.0017511844635009766
0.0008275508880615234|0.0016472339630126953
0.0008356571197509766|0.0016717910766601562
0.0006792545318603516|0.0019099712371826172
0.0007724761962890625|0.001729726791381836
0.0007500648498535156|0.0015687942504882812
0.0008466243743896484|0.0017859935760498047
0.0008208751678466797|0.002038240432739258
0.0007212162017822266|0.0019676685333251953
0.0007483959197998047|0.0017201900482177734
0.0008325576782226562|0.0016639232635498047
0.0007674694061279297|0.0019192695617675781
0.0008728504180908203|0.0017364025115966797
0.0007276535034179688|0.0018563270568847656
0.0007355213165283203|0.0017666816711425781
0.0008037090301513672|0.0017709732055664062
0.0006787776947021484|0.0016834735870361328
0.0007886886596679688|0.0018362998962402344
0.0006787776947021484|0.0019049644470214844
0.0007522106170654297|0.0018107891082763672
0.0007734298706054688|0.0017626285552978516
0.0007390975952148438|0.0018050670623779297
0.0007524490356445312|0.0018210411071777344
0.0007741451263427734|0.001615285873413086
0.0006771087646484375|0.0020856857299804688
0.0007531642913818359|0.002012968063354492
0.0008208751678466797|0.0017848014831542969
0.0008749961853027344|0.001893758773803711
0.0007450580596923828|0.001779317855834961
0.0007166862487792969|0.0016682147979736328
0.0007336139678955078|0.0017066001892089844
0.0008654594421386719|0.0018279552459716797
0.0007610321044921875|0.0016868114471435547
0.0007631778717041016|0.0016846656799316406
0.0007479190826416016|0.0017919540405273438
0.0007317066192626953|0.0016832351684570312
0.0007522106170654297|0.0016508102416992188
0.0009093284606933594|0.0016565322875976562
0.0007531642913818359|0.0019540786743164062
0.0007369518280029297|0.0017218589782714844
0.0007951259613037109|0.0016574859619140625
0.0008432865142822266|0.0021729469299316406
0.00079345703125|0.001819610595703125
0.0007355213165283203|0.0016717910766601562
0.0007815361022949219|0.0019631385803222656
0.0007190704345703125|0.001734018325805664
0.0007510185241699219|0.0016055107116699219
0.0007550716400146484|0.0018107891082763672
0.0007610321044921875|0.0016064643859863281
0.0007843971252441406|0.001590728759765625
0.0007116794586181641|0.0018570423126220703
0.0008151531219482422|0.001565694808959961
0.0009145736694335938|0.0018284320831298828
0.0007028579711914062|0.0015649795532226562
0.0007100105285644531|0.0016567707061767578
0.0007164478302001953|0.0018091201782226562
0.0007567405700683594|0.001827239990234375
0.0007908344268798828|0.0016334056854248047
0.0007593631744384766|0.0016450881958007812
0.000705718994140625|0.0016973018646240234
0.00072479248046875|0.0017702579498291016
0.0007860660552978516|0.001873016357421875
0.0007746219635009766|0.0016968250274658203
0.0007519721984863281|0.0015251636505126953
0.0007565021514892578|0.0017271041870117188
0.0008716583251953125|0.0018000602722167969
0.0007822513580322266|0.0017502307891845703
0.0008234977722167969|0.0019991397857666016
0.0007214546203613281|0.0016489028930664062
0.0007529258728027344|0.0017015933990478516
0.0007610321044921875|0.0017707347869873047
0.0008308887481689453|0.0016813278198242188
0.0007283687591552734|0.0016167163848876953
0.000804901123046875|0.0017325878143310547
0.0007112026214599609|0.001703023910522461
0.0007419586181640625|0.0015780925750732422
0.0007164478302001953|0.0016336441040039062
0.0007679462432861328|0.001680612564086914
0.0007762908935546875|0.001924753189086914
0.0008208751678466797|0.0018291473388671875
0.0008590221405029297|0.0015900135040283203
0.0008642673492431641|0.0017995834350585938
0.0007483959197998047|0.0015785694122314453
0.0007545948028564453|0.0016775131225585938
0.0007109642028808594|0.001682281494140625
0.0007390975952148438|0.0015680789947509766
0.0007526874542236328|0.001922607421875
0.0008089542388916016|0.0016891956329345703
0.0007004737854003906|0.0017020702362060547
0.0007071495056152344|0.002095937728881836
0.0008172988891601562|0.0015845298767089844
0.0007774829864501953|0.0017333030700683594
0.000804901123046875|0.0017104148864746094
0.0007081031799316406|0.001895904541015625
0.0007476806640625|0.001871347427368164
0.0008914470672607422|0.0018200874328613281
0.0008280277252197266|0.0016045570373535156
0.0008170604705810547|0.001527547836303711
0.0006852149963378906|0.0016658306121826172
0.0007584095001220703|0.0016827583312988281
0.0007736682891845703|0.0017757415771484375
0.0008232593536376953|0.0016186237335205078
0.0011184215545654297|0.0016312599182128906
0.0007791519165039062|0.0015401840209960938
0.0007121562957763672|0.001560211181640625
0.0009183883666992188|0.0015451908111572266
0.0007748603820800781|0.0016779899597167969
0.0008094310760498047|0.0017418861389160156
0.0007679462432861328|0.001630544662475586
0.0008158683776855469|0.0015811920166015625
0.0007889270782470703|0.0020055770874023438
0.0007777214050292969|0.0015995502471923828
0.0007810592651367188|0.001659393310546875
0.0007398128509521484|0.0016422271728515625
0.0007925033569335938|0.0017588138580322266
0.0007879734039306641|0.0016057491302490234
0.0007369518280029297|0.001703500747680664
0.0008985996246337891|0.0016169548034667969
0.0007834434509277344|0.0015685558319091797
0.0009400844573974609|0.0016629695892333984
0.0008041858673095703|0.0015645027160644531
0.0007557868957519531|0.001630544662475586
0.0007872581481933594|0.0017101764678955078
0.0007367134094238281|0.00165557861328125
0.0007767677307128906|0.0018048286437988281
0.0007672309875488281|0.0015244483947753906
0.0007975101470947266|0.0015981197357177734
0.0008158683776855469|0.0016970634460449219
0.0007860660552978516|0.0018925666809082031
0.0007278919219970703|0.0016331672668457031
0.0007734298706054688|0.0017452239990234375
0.0007963180541992188|0.0017392635345458984
0.0008094310760498047|0.0016019344329833984
0.0007226467132568359|0.001589059829711914
0.0007176399230957031|0.001680135726928711
0.0007319450378417969|0.0015375614166259766
0.0007693767547607422|0.00173187255859375
0.0007755756378173828|0.0017368793487548828
0.0007293224334716797|0.0019140243530273438
0.0007092952728271484|0.0019674301147460938
0.0008089542388916016|0.001706838607788086
0.0007116794586181641|0.0015745162963867188
0.0008373260498046875|0.0017085075378417969
0.0007395744323730469|0.001676797866821289
0.0006847381591796875|0.001703500747680664
0.0008385181427001953|0.0016510486602783203
0.0007197856903076172|0.0017020702362060547
0.0007770061492919922|0.0016498565673828125
0.0007390975952148438|0.0017344951629638672
0.0007612705230712891|0.0016627311706542969
0.0008046627044677734|0.0015988349914550781
0.0008661746978759766|0.0017087459564208984
0.0007915496826171875|0.0017385482788085938
0.0007269382476806641|0.0021162033081054688
0.0007266998291015625|0.001697540283203125
0.000804901123046875|0.0017940998077392578
0.0008072853088378906|0.0017888545989990234
0.0007967948913574219|0.0017333030700683594
0.0007386207580566406|0.0019142627716064453
0.0007243156433105469|0.0016503334045410156
0.0008144378662109375|0.0016665458679199219
0.000827789306640625|0.0016791820526123047
0.0008194446563720703|0.0017423629760742188
0.0006952285766601562|0.002065896987915039
0.0007617473602294922|0.0016951560974121094
0.0007698535919189453|0.0016498565673828125
0.0007262229919433594|0.0016155242919921875
0.0007646083831787109|0.0018832683563232422
0.0006861686706542969|0.0017132759094238281
0.0006811618804931641|0.0016150474548339844
0.0008454322814941406|0.0016684532165527344
0.0007774829864501953|0.001649618148803711
0.0009832382202148438|0.001708984375
0.0007352828979492188|0.0015399456024169922
0.0007264614105224609|0.001692056655883789
0.0008628368377685547|0.0016231536865234375
0.0007741451263427734|0.0015995502471923828
0.0008182525634765625|0.0016269683837890625
0.0006663799285888672|0.0017573833465576172
0.0007269382476806641|0.0016002655029296875
0.0007171630859375|0.0016474723815917969
0.0007355213165283203|0.0018055438995361328
0.0007266998291015625|0.0016527175903320312
0.0008544921875|0.0018773078918457031
0.0006723403930664062|0.0016367435455322266
0.0007166862487792969|0.0015609264373779297
0.0007958412170410156|0.0016591548919677734
0.0008587837219238281|0.0015940666198730469
0.0007181167602539062|0.0016369819641113281
0.0008399486541748047|0.0016980171203613281
0.00077056884765625|0.0017158985137939453
0.0007786750793457031|0.0017495155334472656
0.0007243156433105469|0.0017924308776855469
0.0007967948913574219|0.0016543865203857422
0.0007529258728027344|0.0016560554504394531
0.0009453296661376953|0.0015549659729003906
0.0007216930389404297|0.0018157958984375
0.0007679462432861328|0.0017130374908447266
0.0007405281066894531|0.0017762184143066406
0.0008578300476074219|0.0018453598022460938
0.0007421970367431641|0.0022499561309814453
0.0008976459503173828|0.0017943382263183594
0.0007138252258300781|0.0016524791717529297
0.0008029937744140625|0.0015497207641601562
0.0007038116455078125|0.0017740726470947266
0.0007205009460449219|0.0016388893127441406
0.0007848739624023438|0.0019922256469726562
0.0008814334869384766|0.0017049312591552734
0.0007388591766357422|0.0018777847290039062
0.0007238388061523438|0.001739501953125
0.0007517337799072266|0.001708984375
0.0008287429809570312|0.0016429424285888672
0.0006792545318603516|0.0016982555389404297
0.0009911060333251953|0.0015707015991210938
0.0006844997406005859|0.001604318618774414
0.0007679462432861328|0.0016071796417236328
0.0008976459503173828|0.001699686050415039
0.0007283687591552734|0.0016338825225830078
0.0006673336029052734|0.0017480850219726562
0.0007531642913818359|0.0017671585083007812
0.0006694793701171875|0.0016379356384277344
0.000843048095703125|0.0016179084777832031
0.0007472038269042969|0.0017023086547851562
0.0006930828094482422|0.0016443729400634766
0.0007982254028320312|0.0016894340515136719
0.0009908676147460938|0.0016791820526123047
0.0009024143218994141|0.0016293525695800781
0.0010457038879394531|0.0017147064208984375
0.0008094310760498047|0.0016303062438964844
0.0008118152618408203|0.0019087791442871094
0.0008406639099121094|0.002088785171508789
0.0007321834564208984|0.0018620491027832031
0.0007874965667724609|0.0019292831420898438
0.0007162094116210938|0.0018832683563232422
0.0007090568542480469|0.0019066333770751953
0.0007205009460449219|0.001855611801147461
0.0007853507995605469|0.0018191337585449219
0.0007350444793701172|0.001825571060180664
0.0007231235504150391|0.0018885135650634766
0.0007886886596679688|0.002000570297241211
0.0007321834564208984|0.0019888877868652344
0.0007767677307128906|0.0019021034240722656
0.0007703304290771484|0.001859903335571289
0.0006842613220214844|0.0020580291748046875
0.0006976127624511719|0.0017848014831542969
0.0007357597351074219|0.0017011165618896484
0.0008032321929931641|0.001544952392578125
0.0008029937744140625|0.0016286373138427734
0.0007402896881103516|0.0018677711486816406
0.0007429122924804688|0.0019147396087646484
0.0009565353393554688|0.0016772747039794922
0.0007832050323486328|0.0016651153564453125
0.0007548332214355469|0.0015952587127685547
0.0007491111755371094|0.0018870830535888672
0.0007636547088623047|0.0016214847564697266
0.0008280277252197266|0.0018825531005859375
0.0007040500640869141|0.0016651153564453125
0.000873565673828125|0.0017611980438232422
0.0007970333099365234|0.0016679763793945312
0.0007040500640869141|0.001861572265625
0.0009386539459228516|0.0017774105072021484
0.0007598400115966797|0.0016727447509765625
0.0007970333099365234|0.0019326210021972656
0.0007233619689941406|0.001795053482055664
0.0007171630859375|0.0015692710876464844
0.0008788108825683594|0.001615285873413086
0.0007584095001220703|0.0014903545379638672
0.0007555484771728516|0.0016536712646484375
0.0006797313690185547|0.0019121170043945312
0.0007684230804443359|0.0017483234405517578
0.0007867813110351562|0.0016536712646484375
0.0007116794586181641|0.0016512870788574219
0.0006890296936035156|0.0016977787017822266
0.0006844997406005859|0.0018486976623535156
0.0007884502410888672|0.0016465187072753906
0.0007669925689697266|0.0017125606536865234
0.0007612705230712891|0.0016019344329833984
0.0008087158203125|0.001817464828491211
0.0006833076477050781|0.0018000602722167969
0.0007529258728027344|0.0016508102416992188
0.0008108615875244141|0.0016632080078125
0.0007352828979492188|0.0017430782318115234
0.0008332729339599609|0.00225830078125
0.0007567405700683594|0.0017156600952148438
0.0006945133209228516|0.0017099380493164062
0.0007390975952148438|0.0015861988067626953
0.0007083415985107422|0.0016021728515625
0.0007355213165283203|0.0016875267028808594
0.0007097721099853516|0.0017771720886230469
0.0007421970367431641|0.0015151500701904297
0.0008182525634765625|0.0019834041595458984
0.0007722377777099609|0.0017671585083007812
0.0007560253143310547|0.001506805419921875
0.0007293224334716797|0.001638174057006836
0.0007596015930175781|0.0017566680908203125
0.0007932186126708984|0.001983642578125
0.0008063316345214844|0.0015709400177001953
0.0007922649383544922|0.0017163753509521484
0.0007121562957763672|0.0017664432525634766
0.0007188320159912109|0.0018088817596435547
0.0007493495941162109|0.0016965866088867188
0.0006732940673828125|0.0018339157104492188
0.0007593631744384766|0.0016052722930908203
0.0006916522979736328|0.00171661376953125
0.0008275508880615234|0.0017917156219482422
0.0007483959197998047|0.0016932487487792969
0.0006902217864990234|0.0015935897827148438
0.0008294582366943359|0.0017216205596923828
0.0006883144378662109|0.0017037391662597656
0.0007014274597167969|0.001628875732421875
0.0007431507110595703|0.0016293525695800781
0.0007724761962890625|0.0018436908721923828
0.0009686946868896484|0.0019145011901855469
0.0007295608520507812|0.0017728805541992188
0.0007376670837402344|0.0016520023345947266
0.0007414817810058594|0.0017859935760498047
0.0006482601165771484|0.0019369125366210938
0.0007295608520507812|0.0016829967498779297
0.0006847381591796875|0.0016045570373535156
0.0007588863372802734|0.0019376277923583984
0.0007665157318115234|0.0018413066864013672
0.0007348060607910156|0.0017893314361572266
0.000762939453125|0.0016064643859863281
0.0007314682006835938|0.0017633438110351562
0.0007402896881103516|0.002075672149658203
0.000728607177734375|0.002215147018432617
0.0007410049438476562|0.0017023086547851562
0.0007388591766357422|0.0016455650329589844
0.0008816719055175781|0.0015730857849121094
0.0006985664367675781|0.0018651485443115234
0.0007340908050537109|0.0023338794708251953
0.0008020401000976562|0.0016067028045654297
0.0007593631744384766|0.001664876937866211
0.0007002353668212891|0.0016508102416992188
0.0006873607635498047|0.001783132553100586
0.0007605552673339844|0.0017592906951904297
0.0007901191711425781|0.0018036365509033203
0.00077056884765625|0.0015997886657714844
0.0007014274597167969|0.0017547607421875
0.0007231235504150391|0.0019724369049072266
0.0007531642913818359|0.0018017292022705078
0.0007550716400146484|0.0016815662384033203
0.0007748603820800781|0.0016298294067382812
0.0008008480072021484|0.0019261837005615234
0.0007081031799316406|0.0017745494842529297
0.0007624626159667969|0.0018706321716308594
0.0007143020629882812|0.0016579627990722656
0.000774383544921875|0.0017626285552978516
0.0007390975952148438|0.0016875267028808594
0.0006771087646484375|0.0016889572143554688
0.0007007122039794922|0.0016407966613769531
0.0008068084716796875|0.0018279552459716797
0.0007872581481933594|0.0020275115966796875
0.0007543563842773438|0.0018603801727294922
0.0007634162902832031|0.0017459392547607422
0.0007910728454589844|0.001638174057006836
0.0007128715515136719|0.0017044544219970703
0.000797271728515625|0.0016171932220458984
0.0007517337799072266|0.001691579818725586
0.0007238388061523438|0.0016887187957763672
0.0009472370147705078|0.0018038749694824219
0.0007281303405761719|0.001604318618774414
0.0007693767547607422|0.001764535903930664
0.0007586479187011719|0.0018496513366699219
0.0007393360137939453|0.0016698837280273438
0.0006999969482421875|0.001672983169555664
0.0008282661437988281|0.0016207695007324219
0.0007588863372802734|0.0017604827880859375
0.0007443428039550781|0.002017498016357422
0.0007350444793701172|0.0018281936645507812
0.0007565021514892578|0.001708984375
0.0007739067077636719|0.0019593238830566406
0.0007786750793457031|0.001781463623046875
0.0007975101470947266|0.0018222332000732422
0.0007493495941162109|0.0018954277038574219
0.0007088184356689453|0.0017223358154296875
0.0007908344268798828|0.001585245132446289
0.0008804798126220703|0.001844644546508789
0.0007519721984863281|0.0019762516021728516
0.0007431507110595703|0.0021295547485351562
0.0007059574127197266|0.0021703243255615234
0.00077056884765625|0.0020151138305664062
0.0008082389831542969|0.0023622512817382812
0.0006883144378662109|0.0016627311706542969
0.0007107257843017578|0.0017940998077392578
0.0007293224334716797|0.0017116069793701172
0.0007770061492919922|0.001773834228515625
0.000988006591796875|0.0016880035400390625
0.0007114410400390625|0.0017592906951904297
0.0007593631744384766|0.0015270709991455078
0.0007419586181640625|0.0017840862274169922
0.0008242130279541016|0.0018932819366455078
0.0007283687591552734|0.001692056655883789
0.0007486343383789062|0.0018086433410644531
0.0007767677307128906|0.0016775131225585938
