0.0018260478973388672
0.0019958019256591797
0.00171661376953125
0.001180410385131836
0.0011153221130371094
0.0019495487213134766
0.0021996498107910156
0.0017638206481933594
0.0018999576568603516
0.0016884803771972656
0.001878499984741211
0.001941680908203125
0.0017099380493164062
0.001890420913696289
0.0018889904022216797
0.0019385814666748047
0.0018148422241210938
0.0018470287322998047
0.002042055130004883
0.0018732547760009766
0.0018718242645263672
0.0018727779388427734
0.0016994476318359375
0.0019485950469970703
0.0012621879577636719
0.001756906509399414
0.0019428730010986328
0.0018815994262695312
0.001844167709350586
0.0016760826110839844
0.002011537551879883
0.0018968582153320312
0.002081632614135742
0.0019655227661132812
0.001975536346435547
0.002021312713623047
0.0018870830535888672
0.0019872188568115234
0.0017170906066894531
0.0018541812896728516
0.0018651485443115234
0.0019919872283935547
0.0019550323486328125
0.0017375946044921875
0.001767873764038086
0.0018625259399414062
0.0016880035400390625
0.0019261837005615234
0.0020685195922851562
0.002000093460083008
0.002163410186767578
0.0018379688262939453
0.0019428730010986328
0.0017707347869873047
0.0019898414611816406
0.0029075145721435547
0.0017769336700439453
0.002050638198852539
0.0018093585968017578
0.001706838607788086
0.0015249252319335938
0.001856088638305664
0.0019655227661132812
0.0019180774688720703
0.0018095970153808594
0.0019104480743408203
0.0016629695892333984
0.0013473033905029297
0.0017142295837402344
0.002063751220703125
0.0017268657684326172
0.001994609832763672
0.002020120620727539
0.0017092227935791016
0.00205230712890625
0.001638650894165039
0.001905679702758789
0.001750946044921875
0.0018744468688964844
0.0017218589782714844
0.0016295909881591797
0.0017926692962646484
0.002151966094970703
0.0019266605377197266
0.0019483566284179688
0.0018210411071777344
0.0018486976623535156
0.0017337799072265625
0.0020208358764648438
0.002046823501586914
0.0020895004272460938
0.0017285346984863281
0.00183868408203125
0.0018405914306640625
0.0017817020416259766
0.0017278194427490234
0.0017414093017578125
0.001689910888671875
0.0017695426940917969
0.001657724380493164
0.0019559860229492188
0.0019230842590332031
0.0018696784973144531
0.0021212100982666016
0.002071857452392578
0.001794576644897461
0.001951456069946289
0.002568960189819336
0.0031135082244873047
0.0020995140075683594
0.0024023056030273438
0.0021486282348632812
0.002318859100341797
0.0018100738525390625
0.002198457717895508
0.0019931793212890625
0.001886606216430664
0.0024650096893310547
0.0018031597137451172
0.002252817153930664
0.0018715858459472656
0.0019488334655761719
0.0018203258514404297
0.0010998249053955078
0.002019166946411133
0.002115488052368164
0.0018227100372314453
0.001965761184692383
0.0019154548645019531
0.0019719600677490234
0.0017964839935302734
0.001863241195678711
0.0018448829650878906
0.0018761157989501953
0.002078533172607422
0.001676797866821289
0.001828908920288086
0.0019989013671875
0.0021970272064208984
0.0015616416931152344
0.001903533935546875
0.0015423297882080078
0.002027750015258789
0.0020678043365478516
0.001768350601196289
0.0017917156219482422
0.0017056465148925781
0.0018527507781982422
0.001756906509399414
0.0018932819366455078
0.0018124580383300781
0.0017342567443847656
0.002051115036010742
0.0017976760864257812
0.0017046928405761719
0.001859903335571289
0.0018343925476074219
0.001772165298461914
0.0017886161804199219
0.001734018325805664
0.0017261505126953125
0.0019314289093017578
0.0018355846405029297
0.0019681453704833984
0.0020399093627929688
0.0016410350799560547
0.0019118785858154297
0.002769947052001953
0.001989126205444336
0.0019931793212890625
0.0019390583038330078
0.0019485950469970703
0.001800537109375
0.0021452903747558594
0.001855611801147461
0.0018069744110107422
0.001695394515991211
0.0019431114196777344
0.0016713142395019531
0.001844644546508789
0.0016276836395263672
0.00180816650390625
0.0017580986022949219
0.0020394325256347656
0.0021975040435791016
0.0016541481018066406
0.002175569534301758
0.0017714500427246094
0.0018079280853271484
0.0020029544830322266
0.0019686222076416016
0.002086162567138672
0.0021543502807617188
0.0019843578338623047
0.0017218589782714844
0.001867055892944336
0.001538991928100586
0.001680612564086914
0.0021042823791503906
0.001943826675415039
0.0019626617431640625
0.0018434524536132812
0.0017657279968261719
0.001982450485229492
0.001669168472290039
0.0018765926361083984
0.0022666454315185547
0.001889944076538086
0.0019338130950927734
0.002047300338745117
0.002033233642578125
0.0021429061889648438
0.0024042129516601562
0.001973390579223633
0.0020439624786376953
0.0019686222076416016
0.002031564712524414
0.0019044876098632812
0.002008676528930664
0.001840829849243164
0.0017547607421875
0.0019197463989257812
0.001706838607788086
0.0018045902252197266
0.001940011978149414
0.0020487308502197266
0.002010345458984375
0.001939535140991211
0.0018506050109863281
0.0016047954559326172
0.001978635787963867
0.002057790756225586
0.0015103816986083984
0.0020253658294677734
0.0019259452819824219
0.0018088817596435547
0.0018067359924316406
0.002023458480834961
0.0019605159759521484
0.0018150806427001953
0.002188444137573242
0.002137899398803711
0.0017104148864746094
0.0020012855529785156
0.0020453929901123047
0.00180816650390625
0.0021066665649414062
0.001878976821899414
0.0019364356994628906
0.0017168521881103516
0.0023660659790039062
0.0021889209747314453
0.001968860626220703
0.0021088123321533203
0.0021543502807617188
0.0019526481628417969
0.002165555953979492
0.0019328594207763672
0.0018475055694580078
0.0018112659454345703
0.0021088123321533203
0.0021986961364746094
0.0021491050720214844
0.0020143985748291016
0.0014679431915283203
0.0018439292907714844
0.001566171646118164
0.002117156982421875
0.001978158950805664
0.0014338493347167969
0.0018248558044433594
0.002121448516845703
0.001730203628540039
0.002137899398803711
0.001996755599975586
0.0018231868743896484
0.0017657279968261719
0.0017654895782470703
0.002082347869873047
0.0015287399291992188
0.0018086433410644531
0.0018050670623779297
0.0018513202667236328
0.001840829849243164
0.0017240047454833984
0.0020513534545898438
0.002040386199951172
0.0018787384033203125
0.001817941665649414
0.001674652099609375
0.0019927024841308594
0.0017590522766113281
0.002009153366088867
0.0017733573913574219
0.0017964839935302734
0.0017361640930175781
0.0017366409301757812
0.0018138885498046875
0.0018875598907470703
0.0027718544006347656
0.0016303062438964844
0.0019905567169189453
0.0017552375793457031
0.0020389556884765625
0.0020363330841064453
0.0016658306121826172
0.0017056465148925781
0.0018262863159179688
0.0018241405487060547
0.0020742416381835938
0.0020322799682617188
0.0024051666259765625
0.002118349075317383
0.0021333694458007812
0.0018146038055419922
0.0018351078033447266
0.001768350601196289
0.0018992424011230469
0.001790761947631836
0.0016655921936035156
0.0016357898712158203
0.002024412155151367
0.0018401145935058594
0.0019288063049316406
0.0015535354614257812
0.001764059066772461
0.0019817352294921875
0.001680135726928711
0.001859903335571289
0.00183868408203125
0.0018553733825683594
0.0019855499267578125
0.002103567123413086
0.0019307136535644531
0.0019567012786865234
0.0017528533935546875
0.0017058849334716797
0.0020418167114257812
0.0017704963684082031
0.0017576217651367188
0.0018889904022216797
0.0022199153900146484
0.002304553985595703
0.0022215843200683594
0.0019826889038085938
0.0022056102752685547
0.0016973018646240234
0.0020599365234375
0.0019567012786865234
0.0018210411071777344
0.0020492076873779297
0.002054452896118164
0.0018987655639648438
0.0019359588623046875
0.0018115043640136719
0.0020656585693359375
0.0018494129180908203
0.0018262863159179688
0.001990795135498047
0.0019829273223876953
0.0017139911651611328
0.0017070770263671875
0.002141714096069336
0.001720428466796875
0.0022013187408447266
0.002021312713623047
0.002742767333984375
0.0019414424896240234
0.0016820430755615234
0.0022020339965820312
0.0022635459899902344
0.0018877983093261719
0.0019593238830566406
0.0013048648834228516
0.0011603832244873047
0.0012247562408447266
0.0022640228271484375
0.0020546913146972656
0.0020418167114257812
0.002248525619506836
0.0017209053039550781
0.0018606185913085938
0.003069162368774414
0.002381563186645508
0.002096414566040039
0.0019598007202148438
0.002035379409790039
0.0015442371368408203
0.0020008087158203125
0.0016994476318359375
0.0017426013946533203
0.001982450485229492
0.001990079879760742
0.002341032028198242
0.0013325214385986328
0.001722097396850586
0.0020308494567871094
0.0019195079803466797
0.0019676685333251953
0.0018427371978759766
0.001728057861328125
0.001791238784790039
0.0019369125366210938
0.002044677734375
0.0017502307891845703
0.0018074512481689453
0.0019338130950927734
0.0019690990447998047
0.0019352436065673828
0.0018773078918457031
0.001871347427368164
0.002069711685180664
0.0019986629486083984
0.0018334388732910156
0.0020873546600341797
0.0017468929290771484
0.0019757747650146484
0.0018415451049804688
0.0026161670684814453
0.0018177032470703125
0.0018281936645507812
0.001711130142211914
0.0020613670349121094
0.0018677711486816406
0.0018579959869384766
0.0021920204162597656
0.0021805763244628906
0.0010790824890136719
0.0019528865814208984
