0.0015828609466552734
0.0020647048950195312
0.0021238327026367188
0.001209259033203125
0.0019571781158447266
0.0014405250549316406
0.0017087459564208984
0.0020148754119873047
0.001668691635131836
0.0019888877868652344
0.001977682113647461
0.0017752647399902344
0.001995086669921875
0.002002239227294922
0.0019943714141845703
0.0021686553955078125
0.0020749568939208984
0.0021033287048339844
0.0016849040985107422
0.0018236637115478516
0.00182342529296875
0.001665353775024414
0.00206756591796875
0.0017099380493164062
0.0016336441040039062
0.0018529891967773438
0.0020563602447509766
0.0020296573638916016
0.0020377635955810547
0.0018794536590576172
0.0020284652709960938
0.001855611801147461
0.0020296573638916016
0.0022554397583007812
0.0021181106567382812
0.0014674663543701172
0.002001523971557617
0.0017578601837158203
0.0019423961639404297
0.00191497802734375
0.0018017292022705078
0.0018367767333984375
0.0016391277313232422
0.0019724369049072266
0.0018000602722167969
0.002104043960571289
0.002256631851196289
0.0018153190612792969
0.0018606185913085938
0.001981496810913086
0.001867055892944336
0.0018014907836914062
0.0018620491027832031
0.0019328594207763672
0.002357959747314453
0.0017008781433105469
0.0017092227935791016
0.0018832683563232422
0.0019273757934570312
0.0017566680908203125
0.0016665458679199219
0.0018475055694580078
0.0018007755279541016
0.0017666816711425781
0.0020186901092529297
0.0019152164459228516
0.001967906951904297
0.0015759468078613281
0.0016901493072509766
0.0018351078033447266
0.0018858909606933594
0.001898050308227539
0.0022003650665283203
0.0022683143615722656
0.0017654895782470703
0.0018050670623779297
0.0016562938690185547
0.0019102096557617188
0.001986265182495117
0.00185394287109375
0.0017437934875488281
0.0017848014831542969
0.0018703937530517578
0.002001047134399414
0.0019588470458984375
0.0016713142395019531
0.0017621517181396484
0.0017704963684082031
0.0018863677978515625
0.0017197132110595703
0.00201416015625
0.0017113685607910156
0.0015497207641601562
0.0014560222625732422
