0.025446414947509766
0.036618709564208984
0.06500053405761719
0.05710744857788086
0.028687477111816406
0.03859305381774902
0.06337261199951172
0.042783260345458984
0.047449350357055664
0.053910017013549805
0.03562450408935547
0.0440821647644043
0.05066871643066406
0.04373812675476074
0.06791257858276367
0.03609037399291992
0.04556584358215332
0.07440328598022461
0.0556483268737793
0.05415821075439453
0.04979252815246582
0.05402636528015137
0.06802940368652344
0.037870168685913086
0.04418635368347168
0.04933667182922363
0.05606269836425781
0.05533719062805176
0.05298113822937012
0.04997134208679199
0.044489145278930664
0.04990243911743164
0.04670858383178711
0.052016258239746094
0.05531430244445801
0.06338858604431152
0.04773831367492676
0.06556844711303711
0.04170656204223633
0.041069984436035156
0.045482635498046875
0.04799294471740723
0.04411625862121582
0.0559694766998291
0.05189013481140137
0.04868626594543457
0.0796205997467041
0.059470415115356445
0.04561877250671387
0.04164552688598633
0.05272221565246582
0.0509340763092041
0.04555630683898926
0.031500816345214844
0.036598920822143555
0.05158257484436035
0.06626081466674805
0.05959010124206543
0.04956674575805664
0.031156539916992188
0.05671525001525879
0.05450797080993652
0.04564929008483887
0.037737131118774414
0.06165933609008789
0.055684804916381836
0.04231667518615723
0.04841899871826172
0.06102418899536133
0.07824158668518066
0.057746171951293945
0.054369449615478516
0.05907583236694336
0.03425717353820801
0.06437516212463379
0.06373715400695801
0.05265355110168457
0.048291921615600586
0.0418701171875
0.053080081939697266
0.06274867057800293
0.04971742630004883
0.04152369499206543
0.03530454635620117
0.06187558174133301
0.050858259201049805
0.06060504913330078
0.035309553146362305
0.057253122329711914
0.05196428298950195
0.042688846588134766
0.03200411796569824
0.048233747482299805
0.04494833946228027
0.07514166831970215
0.06798148155212402
0.05157065391540527
0.06780552864074707
0.0333712100982666
0.0338137149810791
0.04598116874694824
0.04526209831237793
0.04728555679321289
0.051126956939697266
0.04040789604187012
0.06521463394165039
0.07069921493530273
0.06141066551208496
0.0438532829284668
0.04709792137145996
0.04283714294433594
0.05474686622619629
0.06755852699279785
0.06199455261230469
0.04672527313232422
0.053858041763305664
0.0402827262878418
0.05104255676269531
0.056966543197631836
0.05806994438171387
0.053507089614868164
0.053557395935058594
0.04695606231689453
0.023207902908325195
0.06278395652770996
0.04300355911254883
0.11771750450134277
0.06420469284057617
0.07131385803222656
0.05513763427734375
0.06947469711303711
0.046433448791503906
0.06105399131774902
0.10034632682800293
0.08169722557067871
0.030582666397094727
0.04169917106628418
0.05395698547363281
0.04571175575256348
0.05126142501831055
0.04202604293823242
0.05021548271179199
0.05327606201171875
0.043218374252319336
0.07463335990905762
0.040822505950927734
0.04339003562927246
0.04879570007324219
0.051584482192993164
0.05138039588928223
0.039488792419433594
0.04034829139709473
0.05225372314453125
0.028377056121826172
0.047586917877197266
0.06259989738464355
0.03898453712463379
0.04401969909667969
0.048937082290649414
0.05269908905029297
0.06109738349914551
0.04902911186218262
0.04089021682739258
0.03917074203491211
0.031516313552856445
0.03322243690490723
0.04560232162475586
0.05303835868835449
0.039397478103637695
0.05473685264587402
0.04668545722961426
0.02481532096862793
0.044885873794555664
0.03620195388793945
0.05384969711303711
0.04208087921142578
0.0916132926940918
0.0278627872467041
0.052942514419555664
0.04306626319885254
0.03960847854614258
0.0423884391784668
0.051645517349243164
0.0633094310760498
0.020000219345092773
0.057982444763183594
0.04980158805847168
0.043068647384643555
0.04883408546447754
0.04911637306213379
0.04771828651428223
0.05862879753112793
0.04063129425048828
0.04776120185852051
0.038103580474853516
0.04974102973937988
0.05718827247619629
0.052979230880737305
0.048702239990234375
0.04895973205566406
0.06129717826843262
0.053797006607055664
0.03267049789428711
0.052063941955566406
0.05682516098022461
0.03708958625793457
0.025896549224853516
0.033609867095947266
0.05293393135070801
0.053373098373413086
0.04010510444641113
0.05373334884643555
0.08210206031799316
0.048456430435180664
0.04110550880432129
0.04627537727355957
0.04131889343261719
0.05951189994812012
0.03900623321533203
0.03874921798706055
0.0489804744720459
0.03963279724121094
0.0331876277923584
0.0450587272644043
0.0461115837097168
0.03937816619873047
0.05397772789001465
0.07888078689575195
0.04739665985107422
0.04707503318786621
0.0490262508392334
0.07569575309753418
0.09413504600524902
0.036806583404541016
0.045975685119628906
0.03991198539733887
0.05179786682128906
0.02581000328063965
0.04104948043823242
0.048216819763183594
0.04410433769226074
0.04398798942565918
0.04456758499145508
0.038514137268066406
0.05596733093261719
0.03607344627380371
0.06610321998596191
0.059288740158081055
0.045970916748046875
0.03686952590942383
0.047669172286987305
0.05672454833984375
0.052016258239746094
0.03902769088745117
0.04653501510620117
0.04264402389526367
0.05845022201538086
0.07381939888000488
0.035921335220336914
0.058068037033081055
0.05129122734069824
0.04347634315490723
0.03817415237426758
0.05927300453186035
0.04779386520385742
0.04136347770690918
0.06363177299499512
0.02754807472229004
0.03875899314880371
0.04830217361450195
0.04955124855041504
0.05994009971618652
0.07529401779174805
0.02935194969177246
0.044573068618774414
0.05391216278076172
0.06019473075866699
0.05611991882324219
0.05894017219543457
0.02036905288696289
0.050815582275390625
0.043157339096069336
0.03393983840942383
0.046292781829833984
0.05561184883117676
0.05869317054748535
0.04341554641723633
0.03482770919799805
0.03409290313720703
0.07746267318725586
0.07711243629455566
0.06147432327270508
0.04324030876159668
0.04752349853515625
0.07839179039001465
0.05965304374694824
0.04851198196411133
0.02448439598083496
0.05731463432312012
0.04029726982116699
0.04387927055358887
0.05310463905334473
0.045769691467285156
0.054657697677612305
0.03144192695617676
0.024961233139038086
0.03587913513183594
0.02992105484008789
0.06261515617370605
0.07021450996398926
0.06508040428161621
0.049340009689331055
0.055444955825805664
0.06225085258483887
0.05993795394897461
0.05572938919067383
0.04235363006591797
0.06367135047912598
0.05719113349914551
0.07996129989624023
0.055129051208496094
0.04702186584472656
0.041882991790771484
0.03905773162841797
0.04283308982849121
0.0654611587524414
0.0698995590209961
0.08329582214355469
0.05367302894592285
0.019362688064575195
0.02956104278564453
0.05128121376037598
0.06787633895874023
0.05427694320678711
0.041086673736572266
0.05678272247314453
0.0753626823425293
0.03810858726501465
0.055450439453125
0.04789090156555176
0.04169631004333496
0.05964088439941406
0.060980796813964844
0.052181243896484375
0.08171558380126953
0.07007980346679688
0.04786968231201172
0.053637027740478516
0.06276774406433105
0.05881094932556152
0.04331183433532715
0.0438232421875
0.03725767135620117
0.04760026931762695
0.05786466598510742
0.05646920204162598
0.02711796760559082
0.03590202331542969
0.056633710861206055
0.057514190673828125
0.04774165153503418
0.027437210083007812
0.04485368728637695
0.029517173767089844
0.04205822944641113
0.05551004409790039
0.05005049705505371
0.053505659103393555
0.0402376651763916
0.054845333099365234
0.053650856018066406
0.043975830078125
0.046736955642700195
0.046530723571777344
0.052918195724487305
0.05216526985168457
0.05120491981506348
0.05126047134399414
0.06757593154907227
0.055371761322021484
0.02800774574279785
0.050875186920166016
0.05851864814758301
0.042578935623168945
0.04213404655456543
0.05656123161315918
0.042102813720703125
0.025617599487304688
0.05449819564819336
0.033530235290527344
0.05030250549316406
0.05049014091491699
0.037084102630615234
0.0585780143737793
0.051622867584228516
0.05903816223144531
0.07980132102966309
0.08118247985839844
0.04271674156188965
0.03415679931640625
0.056761980056762695
0.05121493339538574
0.051119089126586914
0.03904891014099121
0.03862905502319336
0.05063462257385254
0.03839874267578125
0.058992624282836914
0.06275463104248047
0.046838998794555664
0.04625439643859863
0.04783749580383301
0.046855926513671875
0.05645632743835449
0.047330379486083984
0.06654596328735352
0.052512407302856445
0.045229196548461914
0.04386734962463379
0.04553365707397461
0.04464244842529297
0.04219341278076172
0.04877948760986328
0.03811025619506836
0.05401301383972168
0.05370306968688965
0.05706310272216797
0.04613375663757324
0.05542135238647461
0.04563426971435547
0.03752398490905762
0.034752845764160156
0.06991100311279297
0.05960655212402344
0.04273176193237305
0.05442094802856445
0.024240970611572266
0.03934049606323242
0.052661895751953125
0.04931497573852539
0.039467811584472656
0.05034494400024414
0.03760957717895508
0.04926633834838867
0.057364463806152344
0.03566288948059082
0.04485607147216797
0.04058718681335449
0.04993748664855957
0.028054475784301758
0.04187607765197754
0.05330538749694824
0.07178902626037598
0.053494930267333984
0.03223061561584473
0.022721052169799805
0.05649709701538086
0.07875442504882812
0.07009577751159668
0.09193992614746094
0.042223453521728516
0.0392301082611084
0.04311037063598633
0.04921102523803711
0.049341440200805664
0.04724550247192383
0.03581094741821289
0.07017111778259277
0.05362081527709961
0.04842710494995117
0.050301551818847656
0.0451507568359375
0.05429410934448242
0.04484105110168457
0.03433561325073242
0.031845808029174805
0.03459048271179199
0.04239964485168457
0.04846930503845215
0.056131839752197266
0.04771780967712402
0.04623913764953613
0.049675703048706055
0.04507136344909668
0.051593780517578125
0.08113646507263184
0.04685258865356445
0.07200956344604492
0.05069613456726074
0.04408979415893555
0.04069209098815918
0.0466761589050293
0.058081626892089844
0.058420419692993164
0.061226844787597656
0.07681798934936523
0.06319737434387207
0.04328656196594238
0.06078839302062988
0.08156061172485352
0.060926198959350586
0.049462318420410156
0.03317880630493164
0.04672360420227051
0.04517054557800293
0.03053879737854004
0.047037363052368164
0.07819223403930664
0.04177498817443848
0.048903703689575195
0.045273780822753906
0.03261852264404297
0.055744171142578125
0.03325629234313965
0.04379534721374512
0.06954669952392578
0.045604705810546875
0.05648541450500488
0.07125163078308105
0.060355424880981445
0.024669647216796875
0.04713773727416992
0.05639934539794922
0.07300972938537598
0.04500579833984375
0.044832468032836914
0.045766592025756836
0.05129718780517578
0.08432650566101074
0.07405567169189453
0.05272054672241211
0.03805351257324219
0.036092519760131836
0.040262460708618164
0.04227018356323242
0.061173200607299805
0.061715126037597656
