0.026680469512939453
0.08595943450927734
0.18067026138305664
0.1099693775177002
0.0890653133392334
0.15929174423217773
0.047858238220214844
0.1431443691253662
0.09806561470031738
0.18500208854675293
0.1288759708404541
0.15369176864624023
0.16750717163085938
0.06144976615905762
0.1589038372039795
0.12425518035888672
0.11214208602905273
0.12112879753112793
0.10584282875061035
0.07326006889343262
0.15739703178405762
0.1725471019744873
1.168379545211792
1.0622642040252686
0.9762768745422363
0.9241113662719727
0.7673580646514893
0.6376175880432129
0.5840260982513428
0.13731145858764648
1.1113827228546143
0.9938645362854004
0.9265656471252441
0.8083639144897461
0.7236931324005127
0.5952367782592773
0.056519508361816406
1.0888841152191162
0.9493002891540527
0.8621809482574463
0.7692604064941406
0.643526554107666
0.5818474292755127
0.09942173957824707
1.262369155883789
1.1360585689544678
1.08931565284729
0.9626100063323975
0.8104422092437744
0.7546393871307373
0.10799050331115723
1.1361408233642578
1.0792768001556396
1.0402116775512695
0.9342844486236572
0.8796126842498779
0.6738970279693604
0.1445481777191162
0.7467808723449707
0.619128942489624
0.5821921825408936
0.4583432674407959
0.33454322814941406
0.17883539199829102
0.7958633899688721
0.6706948280334473
0.6014442443847656
0.4922194480895996
0.43949413299560547
0.30553555488586426
0.17589259147644043
0.8461267948150635
0.7094118595123291
0.584998369216919
0.4882340431213379
0.3616015911102295
0.1544196605682373
0.8895177841186523
0.7883579730987549
0.6752612590789795
0.5677707195281982
0.40169477462768555
0.23823833465576172
0.1547243595123291
0.929882287979126
0.8081486225128174
0.7075722217559814
0.5339193344116211
0.4221229553222656
0.3643953800201416
0.1322159767150879
0.9584050178527832
0.8179869651794434
0.7028543949127197
0.5901739597320557
0.4229130744934082
0.23257994651794434
0.9416928291320801
0.800971508026123
0.6743423938751221
0.6136605739593506
0.4478588104248047
0.19536328315734863
0.7603094577789307
0.6595399379730225
0.4911818504333496
0.45308446884155273
0.33583617210388184
0.18747162818908691
0.4258139133453369
0.3026089668273926
0.23210930824279785
0.18224191665649414
0.10545158386230469
0.05219459533691406
0.0440065860748291
0.14371228218078613
0.7856614589691162
0.6868133544921875
0.6113572120666504
0.5079963207244873
0.37870335578918457
0.2987060546875
0.1359539031982422
1.2445766925811768
1.1751830577850342
1.1275770664215088
1.0107343196868896
0.8765578269958496
0.7586236000061035
0.6836497783660889
0.935401439666748
0.8479406833648682
0.7170310020446777
0.6480164527893066
0.6211376190185547
0.531099796295166
0.41543006896972656
