0.00719141960144043
0.005051612854003906
0.0056095123291015625
0.008877992630004883
0.0049686431884765625
0.006135225296020508
0.006814002990722656
0.004004955291748047
0.005048036575317383
0.006267070770263672
0.004625797271728516
0.004436016082763672
0.005403757095336914
0.0038046836853027344
0.014739274978637695
0.0051076412200927734
0.004981279373168945
0.004172563552856445
0.00439000129699707
0.003943443298339844
0.00760197639465332
0.004494905471801758
0.005255222320556641
0.00720977783203125
0.006993532180786133
0.00837564468383789
0.009959936141967773
0.0070073604583740234
0.00724482536315918
0.005914211273193359
0.006654500961303711
0.007166385650634766
0.007218837738037109
0.007456302642822266
0.008378744125366211
0.011389732360839844
0.005990743637084961
0.011919736862182617
0.013600349426269531
0.011441707611083984
0.010035037994384766
0.012638092041015625
0.01141977310180664
0.008000373840332031
0.006082057952880859
0.004194498062133789
0.005256175994873047
0.0072023868560791016
0.010244131088256836
0.014479398727416992
0.006585836410522461
0.009755134582519531
0.00827336311340332
0.004658937454223633
0.008580684661865234
0.004025936126708984
0.012200117111206055
0.006145954132080078
0.006573677062988281
0.006043672561645508
0.012648820877075195
0.010257720947265625
0.008817434310913086
0.010179758071899414
0.01389002799987793
0.011474132537841797
0.014018535614013672
0.003017902374267578
0.003776073455810547
0.009853363037109375
0.012255430221557617
0.012555599212646484
0.008378744125366211
0.00953221321105957
0.01022028923034668
0.015226125717163086
0.012921333312988281
0.003336668014526367
0.01156926155090332
0.006237030029296875
0.0038607120513916016
0.0025911331176757812
0.008359670639038086
0.01089167594909668
0.009230613708496094
0.010303020477294922
0.011407852172851562
0.009616851806640625
0.00977015495300293
0.005149126052856445
0.004978656768798828
0.009752035140991211
0.0035698413848876953
0.004004955291748047
0.0041387081146240234
0.005332231521606445
0.003575563430786133
0.004468441009521484
0.004065990447998047
0.004667520523071289