0.010040998458862305
0.007923126220703125
0.01180887222290039
0.004124164581298828
0.012217521667480469
0.014398574829101562
0.014538764953613281
0.01656317710876465
0.007627248764038086
0.011678934097290039
0.01404714584350586
0.010009050369262695
0.011639118194580078
0.01302027702331543
0.012109994888305664
0.012339115142822266
0.012184858322143555
0.014916181564331055
0.013712644577026367
0.012090921401977539
0.013612031936645508
0.014342069625854492
0.01588296890258789
0.01322031021118164
0.014858007431030273
0.014884710311889648
0.015168905258178711
0.01609182357788086
0.016726970672607422
0.01596665382385254
0.011665821075439453
0.014345407485961914
0.011825799942016602
0.008459091186523438
0.014931917190551758
0.00759124755859375
0.014186382293701172
0.006974935531616211
0.013571023941040039
0.016822099685668945
0.013863563537597656
0.014682769775390625
0.016211986541748047
0.011599063873291016
0.013806581497192383
0.01383352279663086
0.010335922241210938
0.014899969100952148
0.012580156326293945
0.007856369018554688
0.014246225357055664
0.011598825454711914
0.010697364807128906
0.014097452163696289
0.012901067733764648
0.01397705078125
0.005099058151245117
0.015906095504760742
0.014587640762329102
0.012534379959106445
0.01652383804321289
0.013249635696411133
0.015635013580322266
0.013007164001464844
0.011182308197021484
0.012985467910766602
0.0070667266845703125
0.014975547790527344
0.012837409973144531
0.013052701950073242
0.012722015380859375
0.013052225112915039
0.014205455780029297
0.006636857986450195
0.0121612548828125
0.014043569564819336
0.009324789047241211
0.011477947235107422
0.013653278350830078
0.010461807250976562
0.010759353637695312
0.013281822204589844
0.01533818244934082
0.018929243087768555
0.012281656265258789
0.006722688674926758
0.0066297054290771484
0.012463569641113281
0.016263484954833984
0.010611295700073242
0.005354881286621094
0.014116764068603516
0.011735677719116211
0.002866983413696289
0.012292861938476562
0.008860349655151367
0.00787043571472168
0.0024411678314208984
0.012160778045654297
0.009534835815429688
0.002447843551635742
0.01087808609008789
0.012069940567016602
0.010529518127441406
0.012646913528442383
0.01233816146850586
0.015401363372802734
0.010556459426879883
0.0025610923767089844
0.006571769714355469
0.012558698654174805
0.008505821228027344
0.007858514785766602
0.01688981056213379
0.012162208557128906
0.012201786041259766
0.013707876205444336
0.009868621826171875
0.003257274627685547
0.0033233165740966797
0.012309551239013672
0.011701345443725586
0.011831045150756836
0.012946367263793945
0.013588905334472656
0.011586189270019531
0.014044046401977539
0.012373924255371094
0.01250457763671875
0.00298309326171875
0.01099085807800293
0.010465383529663086
0.01356363296508789
0.009711503982543945
0.002927541732788086
0.009100675582885742
0.01338338851928711
0.014295339584350586
0.01426386833190918
0.013196229934692383
0.01193094253540039
0.012689828872680664
0.010275840759277344
0.008413553237915039
0.009694576263427734
0.013894796371459961
0.006903886795043945
0.0034432411193847656
0.014405488967895508
0.004158496856689453
0.013704061508178711
0.011460304260253906
0.00260162353515625
0.015380382537841797
0.010826587677001953
0.013350248336791992
0.011415243148803711
0.003854990005493164
0.010804414749145508
0.012104272842407227
0.012047052383422852
0.007884740829467773
0.0076885223388671875
0.012186765670776367
0.011134862899780273
0.015046119689941406
0.010651111602783203
0.005182743072509766
0.013700723648071289
0.004304170608520508
