0.008837461471557617
0.0046193599700927734
0.0055239200592041016
0.0038633346557617188
0.0036163330078125
0.003618001937866211
0.005004167556762695
0.004660367965698242
0.003939390182495117
0.003670930862426758
0.0032300949096679688
0.004225969314575195
0.003566265106201172
0.004069089889526367
0.006641864776611328
0.005270719528198242
0.00475764274597168
0.012727737426757812
0.0036764144897460938
0.004314899444580078
0.004158973693847656
0.013704538345336914
0.011379241943359375
0.00601959228515625
0.005310773849487305
0.004010200500488281
0.003511667251586914
0.003657817840576172
0.0036573410034179688
0.006201744079589844
0.007053375244140625
0.004161357879638672
0.003874540328979492
0.00652003288269043
0.007062673568725586
0.0048236846923828125
0.0036373138427734375
0.015109062194824219
0.007149457931518555
0.004853725433349609
0.005952596664428711
0.0031845569610595703
0.019561290740966797
0.005355358123779297
0.0055866241455078125
0.005792379379272461
0.01781439781188965
0.0144805908203125
0.014272451400756836
0.004475593566894531
0.00815129280090332
0.00365447998046875
0.0040035247802734375
0.009850025177001953
0.00687718391418457
0.011493206024169922
0.00396275520324707
0.004500389099121094
0.00324249267578125
0.016637325286865234
0.01123046875
0.0032761096954345703
0.016295909881591797
0.0033457279205322266
0.007885217666625977
0.012071847915649414
0.009378910064697266
0.009530067443847656
0.007120370864868164
0.010340213775634766
0.0093536376953125
0.003394603729248047
0.01386117935180664
0.0032694339752197266
0.007794857025146484
0.007866859436035156
0.0029268264770507812
0.013817310333251953
0.004679441452026367
0.019649505615234375
0.006236553192138672
0.012034893035888672
0.007266998291015625
0.0034661293029785156
0.016164541244506836
0.013399600982666016
0.004076480865478516
0.0188138484954834
0.0027265548706054688
0.019715309143066406
0.015610933303833008
0.0038335323333740234
0.01177215576171875
0.0027587413787841797
0.015615463256835938
0.01328134536743164
0.007879972457885742
0.011470556259155273
0.0027811527252197266
0.003983974456787109
0.015887022018432617
0.0030379295349121094
0.01557779312133789
0.003018617630004883
0.008339166641235352
0.015987396240234375
0.005167722702026367
0.005338191986083984
0.003372669219970703
0.011655330657958984
0.010911226272583008
0.012942314147949219
0.0037691593170166016
0.003458261489868164
0.011101245880126953
0.007483482360839844
0.014968395233154297
0.012107610702514648
0.003325223922729492
0.0024890899658203125
0.00424504280090332
0.013147354125976562
0.012706756591796875
0.011711597442626953
0.011329412460327148
0.005330562591552734
0.0033707618713378906
0.007985115051269531
0.0056304931640625
0.01270151138305664
0.003153085708618164
0.01237344741821289
0.0061376094818115234
0.011126995086669922
0.0042340755462646484
0.0028159618377685547
0.014381885528564453
0.0050694942474365234
0.005094051361083984
0.010503053665161133
0.0032351016998291016
0.017110347747802734
0.009964942932128906
0.010305643081665039
0.006076812744140625
0.0034792423248291016
0.004542350769042969
0.005711555480957031
0.009026527404785156
0.006886482238769531
0.0026006698608398438
0.010486841201782227
0.010534048080444336
0.00986480712890625
0.008052825927734375
0.0038328170776367188
0.007384061813354492
0.012736320495605469
0.011321544647216797
0.014074325561523438
0.006062507629394531
0.00829768180847168
0.010909318923950195
0.007210254669189453
0.005397319793701172
0.02625298500061035
0.013666629791259766
0.011522769927978516
0.02059006690979004
0.004985809326171875
0.005634784698486328
0.013235807418823242
0.011751651763916016
0.019155025482177734
0.0072443485260009766
0.0047054290771484375
0.018569231033325195
0.012375831604003906
0.007897615432739258
0.007218360900878906
0.006350040435791016
0.016821861267089844
0.007434844970703125
0.011401891708374023
0.011775016784667969
0.007565021514892578
0.01657867431640625
0.011941671371459961
0.010346174240112305
0.008975744247436523
0.009325027465820312
0.012287616729736328
0.008440732955932617
0.007985830307006836
0.005880117416381836
0.0046575069427490234
0.005902290344238281
0.007484912872314453
0.005658149719238281
0.005243062973022461
0.00710296630859375
0.0038743019104003906
0.007589101791381836
0.004241466522216797
0.00503230094909668
0.008069753646850586
0.00864100456237793
0.004149913787841797
0.0044901371002197266
0.0038127899169921875
0.01035761833190918
0.006577730178833008
0.006692647933959961
0.004812955856323242
0.014631032943725586
0.0034284591674804688
0.009616613388061523
0.018933773040771484
0.009364843368530273
0.010642528533935547
0.003170013427734375
0.016666173934936523
0.009186506271362305
0.0117340087890625
0.011988401412963867
0.011914491653442383
0.009603023529052734
0.0051152706146240234
0.01060628890991211
0.011579513549804688
0.014259815216064453
0.018173933029174805
0.008811712265014648
0.010432004928588867
0.014264106750488281
0.004834175109863281
0.014330387115478516
0.010781049728393555
0.0056192874908447266
0.004298210144042969
0.006815433502197266
0.005087614059448242
0.013099193572998047
0.006489992141723633
0.006182193756103516
0.00828099250793457
0.0077419281005859375
0.007876157760620117
0.0054738521575927734
0.0036478042602539062
0.006282806396484375
0.007508993148803711
0.0028982162475585938
0.01710033416748047
0.01620173454284668
0.02175593376159668
0.015299320220947266
0.012174129486083984
0.007485389709472656
0.018293142318725586
0.011709451675415039
0.0033087730407714844
0.015835285186767578
0.0040264129638671875
0.020061492919921875
0.010191917419433594
0.012264251708984375
0.009652853012084961
0.011731624603271484
0.008815288543701172
0.020041942596435547
0.003860950469970703
0.01748371124267578
0.0034024715423583984
0.0074236392974853516
0.006409645080566406
0.004728555679321289
0.012268543243408203
0.008550882339477539
0.004462003707885742
0.0041790008544921875
0.005010366439819336
0.00998544692993164
0.008136749267578125
0.00417327880859375
0.013187885284423828
0.008795022964477539
0.006171464920043945
0.007810831069946289
0.0031425952911376953
0.008970975875854492
0.003737926483154297
0.004933357238769531
0.009016275405883789
0.0031387805938720703
0.007077693939208984
0.0040035247802734375
0.003952503204345703
0.009674549102783203
0.002640247344970703
0.0069811344146728516
0.0043375492095947266
0.0032019615173339844
0.012966632843017578
0.002259492874145508
0.014053821563720703
0.0033910274505615234
0.004227161407470703
0.009254932403564453
0.0027565956115722656
0.004137992858886719
0.010781526565551758
0.0055484771728515625
0.016646623611450195
0.0024449825286865234
0.010865211486816406
0.004590511322021484
0.0031998157501220703
0.003029346466064453
0.003121614456176758
0.0030171871185302734
0.011642694473266602
0.0043218135833740234
0.007081747055053711
0.002148151397705078
0.013584136962890625
0.008618354797363281
0.005145072937011719
0.006465911865234375
0.004918575286865234
0.013618707656860352
0.002410411834716797
0.003796100616455078
0.010901212692260742
0.0023424625396728516
0.007117748260498047
0.003314971923828125
0.002732515335083008
0.006489276885986328
0.007636308670043945
0.006574153900146484
0.0030155181884765625
0.004170656204223633
0.0029993057250976562
0.00723719596862793
0.010044336318969727
0.0051686763763427734
0.004487514495849609
0.00749659538269043
0.0072727203369140625
0.00647425651550293
0.0030050277709960938
0.005611419677734375
0.006707429885864258
0.006410121917724609
0.004820823669433594
0.008428573608398438
0.002380847930908203
0.008092641830444336
0.014440536499023438
0.006887197494506836
0.0037987232208251953
0.0033724308013916016
0.0029103755950927734
0.012848854064941406
0.007330179214477539
0.004082918167114258
0.011228322982788086
0.010381937026977539
0.014415502548217773
0.005892753601074219
0.007952451705932617
0.008387088775634766
0.005816459655761719
0.012064933776855469
0.017960548400878906
0.015807390213012695
0.009406089782714844
0.008960723876953125
0.00704646110534668
0.010117292404174805
0.008878707885742188
0.00816798210144043
0.0034270286560058594
0.003936052322387695
0.01602959632873535
0.007585287094116211
0.005275726318359375
0.018980741500854492
0.005495786666870117
0.009938478469848633
0.01430201530456543
0.012241363525390625
0.007068157196044922
0.003494739532470703
0.014375925064086914
0.014108657836914062
0.010528802871704102
0.006750822067260742
0.003380298614501953
0.013209819793701172
0.009252309799194336
0.017987966537475586
0.01076197624206543
0.0027189254760742188
0.017592906951904297
0.007881879806518555
0.011501789093017578
0.010347127914428711
0.007887125015258789
0.007773637771606445
0.015263080596923828
0.0073757171630859375
0.0077495574951171875
0.0035791397094726562
0.003310680389404297
0.016338825225830078
0.005690813064575195
0.007986068725585938
0.0025653839111328125
0.015578031539916992
0.008117914199829102
0.003357410430908203
0.01735091209411621
0.0027391910552978516
0.016030073165893555
0.0068204402923583984
0.007518768310546875
0.0027039051055908203
0.010160207748413086
0.004707813262939453
0.005410432815551758
0.0064640045166015625
0.009831666946411133
0.0032198429107666016
0.0033876895904541016
0.015433073043823242
0.0025391578674316406
0.009749889373779297
0.003037691116333008
0.006368875503540039
0.00805044174194336
0.002384662628173828
0.0096893310546875
0.011482477188110352
0.0035910606384277344
0.01483917236328125
0.013913393020629883
0.0050792694091796875
0.014680624008178711
0.013509511947631836
0.013290882110595703
0.002922534942626953
0.003506183624267578
0.016965866088867188
0.011076927185058594
0.012982606887817383
0.01954817771911621
0.005252838134765625
0.00654149055480957
0.011993646621704102
0.00914311408996582
0.007490396499633789
0.0075147151947021484
0.0034449100494384766
0.011916160583496094
0.012091636657714844
0.004839420318603516
0.013360738754272461
0.007603883743286133
0.019453763961791992
0.0048961639404296875
0.00479578971862793
0.005851268768310547
0.003053903579711914
0.00497889518737793
0.0049283504486083984
0.005808353424072266
0.0047457218170166016
0.005873441696166992
0.006328105926513672
0.01001119613647461
0.008370399475097656
0.0049228668212890625
0.010386466979980469
0.004868507385253906
0.007439136505126953
0.007032155990600586
0.009380340576171875
0.007210731506347656
0.009401798248291016
0.011992692947387695
0.010217666625976562
0.008386850357055664
0.013297796249389648
0.010946035385131836
0.0086517333984375
0.012648820877075195
0.009559392929077148
0.008077859878540039
0.006742000579833984
0.013059139251708984
0.007972955703735352
0.006810188293457031
0.007377147674560547
0.004187822341918945
0.008514165878295898
0.00811767578125
0.0062868595123291016
0.011405229568481445
0.006156206130981445
0.015577554702758789
0.0032949447631835938
0.006289482116699219
0.007187366485595703
0.0037169456481933594
0.006815671920776367
0.006714582443237305
0.004826545715332031
0.005274295806884766
0.011876106262207031
0.0037407875061035156
0.0076639652252197266
0.00783538818359375
0.003856658935546875
0.014475822448730469
0.007453441619873047
0.007230281829833984
0.0071163177490234375
0.002913236618041992
0.019737720489501953
0.016562700271606445
0.010633707046508789
0.01086878776550293
0.01644420623779297
0.019830703735351562
0.007990837097167969
0.016936540603637695
0.016307592391967773
0.007038116455078125
0.0036780834197998047
0.012417793273925781
0.007689476013183594
0.014471769332885742
0.010463953018188477
0.004747629165649414
0.014671802520751953
0.003095388412475586
0.016866683959960938
0.0025682449340820312
0.0027055740356445312
0.009995222091674805
0.003306865692138672
0.009771108627319336
0.005498647689819336
0.002907991409301758
0.023231029510498047
0.00394892692565918
0.019069671630859375
0.012289762496948242
0.0025327205657958984
0.020205020904541016
0.0023012161254882812
0.007310390472412109
0.017400264739990234
0.00331878662109375
0.013325929641723633
0.012553691864013672
0.02093505859375
0.009232044219970703
0.004207134246826172
0.007397174835205078
0.002643108367919922
0.011905670166015625
0.01307535171508789
0.0032329559326171875
0.01190638542175293
0.0032775402069091797
0.0034668445587158203
0.006116151809692383
0.0028803348541259766
0.014078140258789062
0.0066432952880859375
0.009262323379516602
0.010315656661987305
0.006986379623413086
0.0061702728271484375
0.0033655166625976562
0.0030431747436523438
0.004480123519897461
0.006436586380004883
0.00784921646118164
0.005557537078857422
0.009315013885498047
0.0036993026733398438
0.006073951721191406
0.005489349365234375
0.006298542022705078
0.0027010440826416016
0.002977132797241211
0.00642085075378418
0.006299734115600586
0.007953405380249023
0.007359743118286133
0.0031173229217529297
0.004433870315551758
0.0064983367919921875
0.003845691680908203
0.010785579681396484
0.005882740020751953
0.012146711349487305
0.011084794998168945
0.011611461639404297
0.006283760070800781
0.005388498306274414
0.005956411361694336
0.0049304962158203125
0.00579071044921875
0.00757288932800293
0.00597834587097168
0.006011486053466797
0.010087013244628906
0.012350082397460938
0.00505375862121582
0.013842105865478516
0.007069826126098633
0.00767827033996582
0.00505375862121582
0.0034842491149902344
0.0059010982513427734
0.006611347198486328
0.013104677200317383
0.00535893440246582
0.004861593246459961
0.0030705928802490234
0.004489898681640625
0.0025551319122314453
0.0035834312438964844
0.02210068702697754
0.003601551055908203
0.0026307106018066406
0.0029523372650146484
0.0036385059356689453
