0.008583307266235352
0.0042095184326171875
0.003536224365234375
0.003937959671020508
0.0033278465270996094
0.006002187728881836
0.007683515548706055
0.003895282745361328
0.004155397415161133
0.003946781158447266
0.003420591354370117
0.004500150680541992
0.005852699279785156
0.024110078811645508
0.004395246505737305
0.0037224292755126953
0.00423741340637207
0.003253936767578125
0.0048410892486572266
0.004123687744140625
0.004046916961669922
0.00474095344543457
0.0037126541137695312
0.0038301944732666016
0.004861354827880859
0.0069844722747802734
0.004575490951538086
0.003093719482421875
0.004039764404296875
0.003285646438598633
0.004380941390991211
0.006437063217163086
0.0028862953186035156
0.003181934356689453
0.0030815601348876953
0.0030727386474609375
0.004087686538696289
0.00432586669921875
0.004172325134277344
0.0047495365142822266
0.003077983856201172
0.002905607223510742
0.002874135971069336
0.0030498504638671875
0.004740715026855469
0.007712841033935547
0.004988670349121094
0.004145383834838867
0.002972841262817383
0.00391387939453125
0.004785776138305664
0.0032835006713867188
0.003543853759765625
0.00261688232421875
0.011433601379394531
0.004330635070800781
0.004233837127685547
0.0041790008544921875
0.0029718875885009766
0.0029032230377197266
0.0028383731842041016
0.004041433334350586
0.0036497116088867188
0.002933502197265625
0.0038862228393554688
0.004198551177978516
0.0028264522552490234
0.0037355422973632812
0.0037500858306884766
0.004046201705932617
0.004091739654541016
0.003458738327026367
0.0029752254486083984
0.003161191940307617
0.004147768020629883
0.003904104232788086
0.0027816295623779297
0.0032041072845458984
0.003958702087402344
0.0026552677154541016
0.005692005157470703
0.003654956817626953
0.0085906982421875
0.0026397705078125
0.007737159729003906
0.005553722381591797
0.003570556640625
0.005061626434326172
0.0062139034271240234
0.0036025047302246094
0.011550426483154297
0.0038492679595947266
0.012541532516479492
0.011217594146728516
0.005056142807006836
0.0071697235107421875
0.003490924835205078
0.0070111751556396484
0.006509542465209961
0.00841665267944336
0.005368709564208984
0.003585338592529297
0.00452113151550293
0.007697582244873047
0.004182100296020508
0.0057446956634521484
0.0030465126037597656
0.0033121109008789062
0.008967876434326172
0.007103681564331055
0.0062274932861328125
0.0029993057250976562
0.006228446960449219
0.006745576858520508
0.01468515396118164
0.00360107421875
0.0037398338317871094
0.008085489273071289
0.005525827407836914
0.009746313095092773
0.016176462173461914
0.0034415721893310547
0.003940105438232422
0.003247499465942383
0.010137557983398438
0.016662120819091797
0.011218786239624023
0.008786201477050781
0.004583597183227539
0.003849506378173828
0.010248422622680664
0.006400108337402344
0.007576465606689453
0.003485441207885742
0.009100675582885742
0.005110740661621094
0.008298873901367188
0.004897117614746094
0.004026174545288086
0.009526968002319336
0.005795717239379883
0.004002809524536133
0.011447668075561523
0.003462076187133789
0.015074968338012695
0.008058786392211914
0.008652687072753906
0.007704496383666992
0.0035719871520996094
0.005724191665649414
0.0055005550384521484
0.009862899780273438
0.006463766098022461
0.003937959671020508
0.005781412124633789
0.005934715270996094
0.007140159606933594
0.005332231521606445
0.003350496292114258
0.007254600524902344
0.007066965103149414
0.009163141250610352
0.008027791976928711
0.006796121597290039
0.004139423370361328
0.009603261947631836
0.004474639892578125
0.0036263465881347656
0.0183718204498291
0.013135910034179688
0.016298532485961914
0.013906240463256836
0.003908634185791016
0.0046617984771728516
0.0175931453704834
0.007016658782958984
0.010053157806396484
0.005945682525634766
0.0045626163482666016
0.016362905502319336
0.010835647583007812
0.0074961185455322266
0.007175445556640625
0.006217241287231445
0.015435934066772461
0.008233785629272461
0.00855398178100586
0.009835243225097656
0.00807642936706543
0.007349252700805664
0.008731365203857422
0.012930870056152344
0.013863801956176758
0.012807130813598633
0.006724357604980469
0.006617546081542969
0.006938934326171875
0.005990505218505859
0.005161762237548828
0.006100177764892578
0.0074727535247802734
0.005498409271240234
0.005035877227783203
0.006735801696777344
0.0028684139251708984
0.01158285140991211
0.0034313201904296875
0.005382061004638672
0.006541728973388672
0.008205175399780273
0.004110097885131836
0.005168914794921875
0.0033464431762695312
0.00851130485534668
0.004725456237792969
0.01107478141784668
0.0052623748779296875
0.007772684097290039
0.004681110382080078
0.014231443405151367
0.01945972442626953
0.012859582901000977
0.00925302505493164
0.003561735153198242
0.009901046752929688
0.010363578796386719
0.006226778030395508
0.011638164520263672
0.010146856307983398
0.010510444641113281
0.0060346126556396484
0.0060956478118896484
0.010916709899902344
0.007354021072387695
0.007372856140136719
0.0060007572174072266
0.01053929328918457
0.008249759674072266
0.0051708221435546875
0.010002613067626953
0.010291099548339844
0.0060272216796875
0.0037450790405273438
0.007218837738037109
0.004550933837890625
0.012067079544067383
0.005476474761962891
0.0047109127044677734
0.005099058151245117
0.0059337615966796875
0.0062825679779052734
0.004889249801635742
0.0038292407989501953
0.009072065353393555
0.005466461181640625
0.002788066864013672
0.014429330825805664
0.017246007919311523
0.0174105167388916
0.013682365417480469
0.012598991394042969
0.009315729141235352
0.011629104614257812
0.01375889778137207
0.004175424575805664
0.016019821166992188
0.005273580551147461
0.013982772827148438
0.017951011657714844
0.0075109004974365234
0.009421586990356445
0.013306140899658203
0.009866952896118164
0.008006572723388672
0.003061532974243164
0.01731395721435547
0.003449678421020508
0.003931522369384766
0.007325649261474609
0.005858421325683594
0.010930538177490234
0.009985685348510742
0.0047800540924072266
0.0033655166625976562
0.00613093376159668
0.007123708724975586
0.011553049087524414
0.003962278366088867
0.01911306381225586
0.01582646369934082
0.00508880615234375
0.014778375625610352
0.003849029541015625
0.008510112762451172
0.0041141510009765625
0.0045604705810546875
0.015088558197021484
0.0033779144287109375
0.012142658233642578
0.003668546676635742
0.004189968109130859
0.007991552352905273
0.002883434295654297
0.004384517669677734
0.004580974578857422
0.004078865051269531
0.011499404907226562
0.0033385753631591797
0.012680530548095703
0.0042269229888916016
0.003264188766479492
0.007339000701904297
0.0037508010864257812
0.011109352111816406
0.00928640365600586
0.0049896240234375
0.016330718994140625
0.0022096633911132812
0.009838342666625977
0.003335714340209961
0.0035622119903564453
0.002599954605102539
0.0025072097778320312
0.0026369094848632812
0.009450435638427734
0.004424333572387695
0.006425142288208008
0.0027451515197753906
0.009364843368530273
0.006265878677368164
0.0042531490325927734
0.005174875259399414
0.00500035285949707
0.005831241607666016
0.002629518508911133
0.0026361942291259766
0.007430076599121094
0.002334117889404297
0.0060079097747802734
0.003019571304321289
0.0029358863830566406
0.005839824676513672
0.006563901901245117
0.00568842887878418
0.003276824951171875
0.003414630889892578
0.003071308135986328
0.00762176513671875
0.008028268814086914
0.004773378372192383
0.00523829460144043
0.007630348205566406
0.00960683822631836
0.005460023880004883
0.0031545162200927734
0.005466938018798828
0.005692720413208008
0.0054476261138916016
0.004817485809326172
0.007058382034301758
0.0028285980224609375
0.006720304489135742
0.014118432998657227
0.008138656616210938
0.003681182861328125
0.0036420822143554688
0.0034492015838623047
0.017345428466796875
0.009258508682250977
0.0036122798919677734
0.010694742202758789
0.01074075698852539
0.008689403533935547
0.0032880306243896484
0.003609895706176758
0.005295276641845703
0.004485368728637695
0.013620138168334961
0.018426895141601562
0.009366989135742188
0.008424758911132812
0.014326810836791992
0.0069217681884765625
0.011350393295288086
0.012799978256225586
0.006165981292724609
0.004611015319824219
0.0040662288665771484
0.01722431182861328
0.006379842758178711
0.0036728382110595703
0.017529010772705078
0.004750490188598633
0.013184547424316406
0.014334917068481445
0.012147903442382812
0.0070133209228515625
0.0027854442596435547
0.008212089538574219
0.007665157318115234
0.011503458023071289
0.005392789840698242
0.002172708511352539
0.005136013031005859
0.0035789012908935547
0.007781267166137695
0.00774383544921875
0.0028374195098876953
0.014956474304199219
0.006354808807373047
0.009750604629516602
0.010389566421508789
0.009133577346801758
0.01035761833190918
0.008094549179077148
0.00771331787109375
0.007398366928100586
0.003130197525024414
0.002298593521118164
0.012958288192749023
0.006140708923339844
0.009585142135620117
0.002982616424560547
0.016283273696899414
0.004984378814697266
0.0032770633697509766
0.008275032043457031
0.003055095672607422
0.01195526123046875
0.005535125732421875
0.006494760513305664
0.0033922195434570312
0.008611679077148438
0.004876613616943359
0.004519939422607422
0.005715608596801758
0.0072629451751708984
0.003987312316894531
0.002729177474975586
0.008228302001953125
0.0037140846252441406
0.008934974670410156
0.0037713050842285156
0.005976200103759766
0.0056726932525634766
0.003666400909423828
0.006303071975708008
0.01306462287902832
0.0033075809478759766
0.013247489929199219
0.012557744979858398
0.003443002700805664
0.007897615432739258
0.012938737869262695
0.009742021560668945
0.0033588409423828125
0.003950357437133789
0.020528793334960938
0.011143207550048828
0.01014089584350586
0.019698381423950195
0.0069658756256103516
0.0030944347381591797
0.011256217956542969
0.006357669830322266
0.007297039031982422
0.004556894302368164
0.0024569034576416016
0.015025138854980469
0.010048389434814453
0.0028362274169921875
0.016013383865356445
0.008896589279174805
0.01244497299194336
0.013275384902954102
0.005563259124755859
0.008521556854248047
0.002390146255493164
0.008138418197631836
0.005867719650268555
0.00641942024230957
0.0049860477447509766
0.0051386356353759766
0.006621837615966797
0.0073909759521484375
0.008178949356079102
0.0054857730865478516
0.006761074066162109
0.00440216064453125
0.008273601531982422
0.01109457015991211
0.00747370719909668
0.00741887092590332
0.005610466003417969
0.009813070297241211
0.011581897735595703
0.007020235061645508
0.011069774627685547
0.01922321319580078
0.006510734558105469
0.007684469223022461
0.009712934494018555
0.01020359992980957
0.008114099502563477
0.006715536117553711
0.007682085037231445
0.01206827163696289
0.009520530700683594
0.0050640106201171875
0.0065555572509765625
0.00823211669921875
0.0059893131256103516
0.014879226684570312
0.008512735366821289
0.011739730834960938
0.003366708755493164
0.006731271743774414
0.008792400360107422
0.002801179885864258
0.012239456176757812
0.007718563079833984
0.004265546798706055
0.008011817932128906
0.008979558944702148
0.005041837692260742
0.00922536849975586
0.009284019470214844
0.003238677978515625
0.007590770721435547
0.012212991714477539
0.006791353225708008
0.0072896480560302734
0.0027899742126464844
0.01869034767150879
0.019878625869750977
0.011434078216552734
0.009718179702758789
0.01628851890563965
0.012109518051147461
0.010481119155883789
0.009672880172729492
0.015825510025024414
0.008237361907958984
0.0037589073181152344
0.012875556945800781
0.008704900741577148
0.007526397705078125
0.008120536804199219
0.004700660705566406
0.010132551193237305
0.0035696029663085938
0.01700758934020996
0.0033228397369384766
0.0031316280364990234
0.011365652084350586
0.003286123275756836
0.011995077133178711
0.004340410232543945
0.0027523040771484375
0.014342546463012695
0.0035610198974609375
0.017798662185668945
0.00928354263305664
0.002981424331665039
0.013478755950927734
0.0029206275939941406
0.011271953582763672
0.011965513229370117
0.0031325817108154297
0.011902093887329102
0.011311054229736328
0.016243934631347656
0.013913154602050781
0.0027527809143066406
0.007915496826171875
0.003878355026245117
0.008954524993896484
0.00978851318359375
0.0025320053100585938
0.008035421371459961
0.0024433135986328125
0.003072500228881836
0.007351398468017578
0.0027666091918945312
0.009859085083007812
0.008255958557128906
0.017020225524902344
0.011381387710571289
0.006695747375488281
0.005876302719116211
0.0027074813842773438
0.002544403076171875
0.005949974060058594
0.00673675537109375
0.007287025451660156
0.005769252777099609
0.007348060607910156
0.003977060317993164
0.005852937698364258
0.0051572322845458984
0.008682966232299805
0.003026723861694336
0.0034112930297851562
0.0058367252349853516
0.005533695220947266
0.00706028938293457
0.008826732635498047
0.002959728240966797
0.0038673877716064453
0.005982160568237305
0.0024023056030273438
0.011719226837158203
0.004957914352416992
0.014266490936279297
0.016071319580078125
0.01073002815246582
0.008560895919799805
0.007809877395629883
0.006078481674194336
0.006540775299072266
0.006738185882568359
0.008887767791748047
0.00868368148803711
0.0089263916015625
0.010308265686035156
0.01035928726196289
0.004905223846435547
0.014445066452026367
0.009602069854736328
0.007834911346435547
0.0053098201751708984
0.004326820373535156
0.0054628849029541016
0.004945516586303711
0.015865087509155273
0.007554054260253906
0.004204511642456055
0.0027730464935302734
0.003469705581665039
0.0022573471069335938
0.002738475799560547
0.02274799346923828
0.0040435791015625
0.0037267208099365234
