0.03652000427246094
0.01692485809326172
0.003961801528930664
0.004271745681762695
0.008758783340454102
0.003357410430908203
0.004041433334350586
0.003715991973876953
0.003509044647216797
0.0036602020263671875
0.005686283111572266
0.004635334014892578
0.006142139434814453
0.004657268524169922
0.003437519073486328
0.00435948371887207
0.0038552284240722656
0.004710197448730469
0.003353595733642578
0.003569364547729492
0.003047943115234375
0.003244161605834961
0.003023386001586914
0.0032422542572021484
0.0039217472076416016
0.005173444747924805
0.004099607467651367
0.003058910369873047
0.003088712692260742
0.0032694339752197266
0.003977537155151367
0.003188610076904297
0.019442081451416016
0.0030345916748046875
0.004599332809448242
0.0031397342681884766
0.003008127212524414
0.005188941955566406
0.003629922866821289
0.002904653549194336
0.0031914710998535156
0.0038802623748779297
0.002996206283569336
0.004189014434814453
0.004530429840087891
0.0030279159545898438
0.0035636425018310547
0.0032994747161865234
0.0032629966735839844
0.0029876232147216797
0.004193544387817383
0.0044934749603271484
0.004307270050048828
0.003735065460205078
0.003283262252807617
0.003380298614501953
0.0036804676055908203
0.00506138801574707
0.0031359195709228516
0.003198385238647461
0.002995729446411133
0.003427267074584961
0.0033152103424072266
0.005095243453979492
0.0030303001403808594
0.0024521350860595703
0.01373744010925293
0.002717256546020508
0.0038576126098632812
0.004685640335083008
0.003118276596069336
0.0035109519958496094
0.003403902053833008
0.002645254135131836
0.003107309341430664
0.003571033477783203
0.004092216491699219
0.0030028820037841797
0.0031659603118896484
0.0036873817443847656
0.00258636474609375
0.0030059814453125
0.011665105819702148
0.003271341323852539
0.002763509750366211
0.003124713897705078
0.0029976367950439453
0.003274202346801758
0.0033986568450927734
0.004189014434814453
0.0027971267700195312
0.0030188560485839844
0.0029981136322021484
0.0029337406158447266
0.003265380859375
0.0028786659240722656
0.004920005798339844
0.003178834915161133
0.0029621124267578125
0.002916097640991211
0.00241851806640625
0.0034339427947998047
0.0029344558715820312
0.003522634506225586
0.005150318145751953
0.003495931625366211
0.0033202171325683594
0.0025153160095214844
0.002685546875
0.002574443817138672
0.0030944347381591797
0.0051190853118896484
0.005156278610229492
0.004868507385253906
0.00302886962890625
0.006609678268432617
0.005246162414550781
0.009545326232910156
0.0044248104095458984
0.00413823127746582
0.0072650909423828125
0.004918336868286133
0.00847005844116211
0.008135080337524414
0.003726959228515625
0.0032753944396972656
0.0036132335662841797
0.013952493667602539
0.008494853973388672
0.00857996940612793
0.012581348419189453
0.010257959365844727
0.004622459411621094
0.011532068252563477
0.006467342376708984
0.007648944854736328
0.004155874252319336
0.006012439727783203
0.006575345993041992
0.011586427688598633
0.00674128532409668
0.0035467147827148438
0.015120267868041992
0.005717277526855469
0.004582643508911133
0.016588211059570312
0.003606081008911133
0.017621278762817383
0.009161949157714844
0.007582187652587891
0.006451845169067383
0.0028662681579589844
0.005385160446166992
0.005463361740112305
0.011621952056884766
0.009883403778076172
0.0026955604553222656
0.012634515762329102
0.006935596466064453
0.00976252555847168
0.0051059722900390625
0.0029735565185546875
0.00950932502746582
0.008156776428222656
0.012124300003051758
0.008981466293334961
0.008290529251098633
0.003987789154052734
0.010519027709960938
0.003670215606689453
0.0038661956787109375
0.019960403442382812
0.011298656463623047
0.015560388565063477
0.01406407356262207
0.0037872791290283203
0.004540681838989258
0.014595508575439453
0.01308894157409668
0.011072397232055664
0.005840301513671875
0.00452733039855957
0.016537189483642578
0.013929605484008789
0.01662755012512207
0.0060389041900634766
0.005561113357543945
0.00826716423034668
0.010436773300170898
0.0062103271484375
0.010394096374511719
0.008310079574584961
0.01273798942565918
0.014542579650878906
0.010494232177734375
0.011111259460449219
0.009413957595825195
0.009299278259277344
0.008706808090209961
0.006693601608276367
0.007221221923828125
0.0051004886627197266
0.006150245666503906
0.015961408615112305
0.005218029022216797
0.004961967468261719
0.006684303283691406
0.0036728382110595703
0.005213499069213867
0.004542112350463867
0.005433559417724609
0.005951404571533203
0.008248090744018555
0.0033855438232421875
0.005543231964111328
0.003589630126953125
0.007235050201416016
0.005241870880126953
0.006135702133178711
0.00491642951965332
0.010500669479370117
0.004525423049926758
0.014757394790649414
0.010109424591064453
0.00694584846496582
0.015192985534667969
0.0029201507568359375
0.010392427444458008
0.009652853012084961
0.0032765865325927734
0.007951974868774414
0.008959054946899414
0.005812644958496094
0.006254911422729492
0.010256290435791016
0.010556936264038086
0.008090972900390625
0.010160684585571289
0.008959770202636719
0.008165359497070312
0.010542869567871094
0.005762815475463867
0.008743524551391602
0.011395454406738281
0.006599903106689453
0.004702329635620117
0.0072612762451171875
0.0057926177978515625
0.009566307067871094
0.006947994232177734
0.00654149055480957
0.007868289947509766
0.007065534591674805
0.006603717803955078
0.005270481109619141
0.003726482391357422
0.0063934326171875
0.006136417388916016
0.003027200698852539
0.019054174423217773
0.011756658554077148
0.011124610900878906
0.015250444412231445
0.015117645263671875
0.009795188903808594
0.01861405372619629
0.013599395751953125
0.0031654834747314453
0.018985509872436523
0.0063533782958984375
0.018038272857666016
0.016246318817138672
0.00631260871887207
0.007559299468994141
0.014211416244506836
0.004923582077026367
0.0075795650482177734
0.002710580825805664
0.01680731773376465
0.0028951168060302734
0.004139900207519531
0.013109922409057617
0.005876779556274414
0.013666868209838867
0.011005163192749023
0.004045009613037109
0.003907680511474609
0.006464719772338867
0.008812665939331055
0.011197328567504883
0.004483938217163086
0.015062808990478516
0.013974905014038086
0.004598140716552734
0.012578248977661133
0.0029685497283935547
0.012224674224853516
0.0025200843811035156
0.006579875946044922
0.012346029281616211
0.002966642379760742
0.012042760848999023
0.0024878978729248047
0.004530191421508789
0.012529373168945312
0.0026998519897460938
0.006709575653076172
0.004718303680419922
0.004316091537475586
0.010559797286987305
0.002780914306640625
0.016429424285888672
0.003194570541381836
0.003789186477661133
0.010939598083496094
0.00307464599609375
0.006350040435791016
0.0044744014739990234
0.003608226776123047
0.01689624786376953
0.002864837646484375
0.02103281021118164
0.0028314590454101562
0.002538919448852539
0.0025358200073242188
0.003099203109741211
0.002951383590698242
0.014112472534179688
0.003260374069213867
0.009209394454956055
0.0030105113983154297
0.01978135108947754
0.006444454193115234
0.003917217254638672
0.0061092376708984375
0.004448652267456055
0.011609315872192383
0.002566814422607422
0.003282308578491211
0.016041994094848633
0.0029354095458984375
0.010964393615722656
0.002663135528564453
0.003156900405883789
0.011913299560546875
0.013207674026489258
0.0076982975006103516
0.005914926528930664
0.0030257701873779297
0.006177425384521484
0.0062181949615478516
0.009994745254516602
0.004860639572143555
0.0038950443267822266
0.010490655899047852
0.014427900314331055
0.00418853759765625
0.005769014358520508
0.0048487186431884766
0.013156414031982422
0.012387514114379883
0.0064585208892822266
0.011430978775024414
0.007030010223388672
0.010770797729492188
0.01073765754699707
0.010595083236694336
0.007098674774169922
0.00759124755859375
0.0064809322357177734
0.011955022811889648
0.00983881950378418
0.006796598434448242
0.011219501495361328
0.010778188705444336
0.011975526809692383
0.007788896560668945
0.006127834320068359
0.0060176849365234375
0.0038766860961914062
0.014717340469360352
0.011867761611938477
0.015651464462280273
0.012178182601928711
0.013000249862670898
0.013968229293823242
0.012726068496704102
0.007430553436279297
0.011616706848144531
0.007729768753051758
0.00978398323059082
0.01343393325805664
0.005892276763916016
0.007517814636230469
0.011728048324584961
0.005857706069946289
0.008548498153686523
0.018737077713012695
0.012845516204833984
0.012583255767822266
0.0019958019256591797
0.01648259162902832
0.015518903732299805
0.012026071548461914
0.008269071578979492
0.002534151077270508
0.016499042510986328
0.006654262542724609
0.01210165023803711
0.010871410369873047
0.002857685089111328
0.018110275268554688
0.010430335998535156
0.011281490325927734
0.01236867904663086
0.010756254196166992
0.010943174362182617
0.011971235275268555
0.010023832321166992
0.006949663162231445
0.0024535655975341797
0.008408308029174805
0.01182699203491211
0.003948688507080078
0.008475780487060547
0.002286195755004883
0.01466822624206543
0.008420705795288086
0.007725238800048828
0.013149738311767578
0.003033161163330078
0.013772964477539062
0.010021209716796875
0.010688543319702148
0.008437395095825195
0.012128353118896484
0.008315086364746094
0.010027170181274414
0.009785175323486328
0.012894630432128906
0.004379749298095703
0.007676124572753906
0.011981964111328125
0.008335590362548828
0.012324333190917969
0.002633333206176758
0.008760452270507812
0.010501384735107422
0.006844758987426758
0.010910749435424805
0.011420249938964844
0.006850242614746094
0.017013072967529297
0.014570236206054688
0.006741523742675781
0.01295018196105957
0.014441728591918945
0.011866331100463867
0.0074346065521240234
0.007462978363037109
0.012718677520751953
0.012616395950317383
0.010840654373168945
0.020372867584228516
0.00532078742980957
0.004706621170043945
0.011201143264770508
0.011347770690917969
0.014288663864135742
0.004204750061035156
0.003433704376220703
0.014782428741455078
0.0107421875
0.006722450256347656
0.0069768428802490234
0.005719184875488281
0.010954856872558594
0.013269662857055664
0.014195442199707031
0.010578155517578125
0.003292083740234375
0.01166844367980957
0.01374363899230957
0.009212255477905273
0.01173853874206543
0.01285243034362793
0.012362241744995117
0.009572505950927734
0.01255941390991211
0.013128995895385742
0.012918233871459961
0.008728504180908203
0.011399269104003906
0.014138936996459961
0.011310577392578125
0.012119293212890625
0.014662981033325195
0.009944677352905273
0.006345033645629883
0.010913372039794922
0.009262800216674805
0.012180566787719727
0.011124372482299805
0.010028600692749023
0.010669469833374023
0.011979818344116211
0.008685111999511719
0.010160207748413086
0.0063457489013671875
0.012436866760253906
0.011783123016357422
0.003073453903198242
0.011726140975952148
0.010724067687988281
0.006192207336425781
0.010467290878295898
0.009758234024047852
0.010672807693481445
0.006038665771484375
0.014021873474121094
0.012706279754638672
0.006677389144897461
0.010074615478515625
0.008481502532958984
0.003645658493041992
0.02133941650390625
0.009075164794921875
0.003662109375
0.012005090713500977
0.012300252914428711
0.006042957305908203
0.010864734649658203
0.01488494873046875
0.0055866241455078125
0.010567426681518555
0.00842738151550293
0.013223886489868164
0.011144876480102539
0.010719060897827148
0.01268911361694336
0.012609004974365234
0.019213199615478516
0.008183717727661133
0.009564399719238281
0.017830610275268555
0.008891105651855469
0.0031561851501464844
0.014800310134887695
0.009453773498535156
0.01073455810546875
0.012619495391845703
0.0049054622650146484
0.01183938980102539
0.002521514892578125
0.01398468017578125
0.0027618408203125
0.0027129650115966797
0.015325784683227539
0.0025827884674072266
0.017098188400268555
0.007142782211303711
0.002686023712158203
0.012449264526367188
0.003789186477661133
0.015674352645874023
0.01215505599975586
0.0034956932067871094
0.013623476028442383
0.0034036636352539062
0.009595394134521484
0.010179758071899414
0.0025076866149902344
0.014603614807128906
0.0178830623626709
0.011686563491821289
0.015395402908325195
0.0026535987854003906
0.009616613388061523
0.0036933422088623047
0.014242887496948242
0.009572029113769531
0.0031118392944335938
0.006546974182128906
0.0024323463439941406
0.0028853416442871094
0.008220672607421875
0.0033168792724609375
0.015249490737915039
0.009094476699829102
0.014513969421386719
0.007767915725708008
0.007461071014404297
0.006249904632568359
0.003056049346923828
0.003477334976196289
0.004789113998413086
0.005039691925048828
0.006913185119628906
0.004450559616088867
0.005173683166503906
0.003484964370727539
0.005597829818725586
0.0051538944244384766
0.006154775619506836
0.003533601760864258
0.003249645233154297
0.005095958709716797
0.004991292953491211
0.01483607292175293
0.006814479827880859
0.0031349658966064453
0.004372358322143555
0.005646944046020508
0.00330352783203125
0.006948709487915039
0.0054814815521240234
0.013993978500366211
0.01170969009399414
0.010733604431152344
0.010916471481323242
0.008664608001708984
0.007571220397949219
0.008864164352416992
0.007825613021850586
0.011848926544189453
0.007193326950073242
0.0077893733978271484
0.00791311264038086
0.006074190139770508
0.004907131195068359
0.015962839126586914
0.008537769317626953
0.007462024688720703
0.004700422286987305
0.0037534236907958984
0.005032062530517578
0.005235910415649414
0.011939525604248047
0.006119728088378906
0.004843473434448242
0.003297090530395508
0.00410771369934082
0.0035333633422851562
0.0036427974700927734
0.01824331283569336
