0.010884761810302734
0.004241943359375
0.013431072235107422
0.004820585250854492
0.011347770690917969
0.0038928985595703125
0.003984212875366211
0.004621267318725586
0.0030820369720458984
0.004313468933105469
0.004820823669433594
0.004712581634521484
0.0039751529693603516
0.0053615570068359375
0.003857135772705078
0.005540132522583008
0.004231452941894531
0.00776362419128418
0.005300045013427734
0.012915849685668945
0.004134416580200195
0.005304813385009766
0.005727291107177734
0.0032660961151123047
0.005683183670043945
0.01373147964477539
0.0055959224700927734
0.007618904113769531
0.004611492156982422
0.003918886184692383
0.004648923873901367
0.004755496978759766
0.00691676139831543
0.003851652145385742
0.013787269592285156
0.006092071533203125
0.005133867263793945
0.00838780403137207
0.0033712387084960938
0.0106964111328125
0.006591320037841797
0.0060613155364990234
0.00882411003112793
0.003356456756591797
0.003881692886352539
0.01202082633972168
0.007827281951904297
0.007191896438598633
0.003633737564086914
0.008633613586425781
0.014414787292480469
0.004987001419067383
0.0049059391021728516
0.0036649703979492188
0.01595473289489746
0.014236211776733398
0.0037534236907958984
0.009775400161743164
0.0032639503479003906
0.0055468082427978516
0.011508941650390625
0.003309488296508789
0.0034263134002685547
0.016336441040039062
0.005117654800415039
0.008564472198486328
0.010221004486083984
0.005940437316894531
0.003663301467895508
0.003578662872314453
0.01322484016418457
0.002832174301147461
0.005342245101928711
0.0032875537872314453
0.004761934280395508
0.011756420135498047
0.010292530059814453
0.013302087783813477
0.011590242385864258
0.0031096935272216797
0.014138460159301758
0.0027849674224853516
0.008363723754882812
0.0032744407653808594
0.004281282424926758
0.012123823165893555
0.0057222843170166016
0.011236906051635742
0.005400896072387695
0.003816366195678711
0.011948823928833008
0.0030655860900878906
0.01642465591430664
0.008252620697021484
0.004838466644287109
0.012341022491455078
0.003290414810180664
0.020000219345092773
0.013337850570678711
0.005444049835205078
0.008623600006103516
0.009770631790161133
0.006927967071533203
0.008206367492675781
0.011046648025512695
0.00612640380859375
0.0030448436737060547
0.011791706085205078
0.013609886169433594
0.011671304702758789
0.011064767837524414
0.003695249557495117
0.007017374038696289
0.012717485427856445
0.010418891906738281
0.00902867317199707
0.009029865264892578
0.007143735885620117
0.0024747848510742188
0.011123180389404297
0.0038347244262695312
0.007038116455078125
0.010964393615722656
0.005196809768676758
0.007770538330078125
0.002895355224609375
0.0060024261474609375
0.013023614883422852
0.0120086669921875
0.013546466827392578
0.007166624069213867
0.007196664810180664
0.012975692749023438
0.015191316604614258
0.012027740478515625
0.014517545700073242
0.011405229568481445
0.01345205307006836
0.012964725494384766
0.015139102935791016
0.015590190887451172
0.012618064880371094
0.010846376419067383
0.015763282775878906
0.01148223876953125
0.013217926025390625
0.012904882431030273
0.011454582214355469
0.01311802864074707
0.012628316879272461
0.004546165466308594
0.00932621955871582
0.00867319107055664
0.004073143005371094
0.01233053207397461
0.008976936340332031
0.013237237930297852
0.01448965072631836
0.013723373413085938
0.004128932952880859
0.009255409240722656
0.012814521789550781
0.009652376174926758
0.010341644287109375
0.009891033172607422
0.012020349502563477
0.005145549774169922
0.01288604736328125
0.011997461318969727
0.00437164306640625
0.013843774795532227
0.0118560791015625
0.014333248138427734
0.010805368423461914
0.013062477111816406
0.010777950286865234
0.0026090145111083984
0.002695322036743164
0.0115203857421875
0.014292478561401367
0.010562896728515625
0.007476091384887695
0.00925588607788086
0.008505821228027344
0.013948678970336914
0.006648063659667969
0.005098104476928711
0.010678768157958984
0.011899709701538086
0.012463808059692383
0.01044321060180664
0.003220796585083008
0.0169830322265625
0.013370513916015625
0.010821342468261719
0.014039039611816406
0.003106355667114258
0.015668153762817383
0.01495218276977539
0.011545896530151367
0.01353597640991211
0.010063648223876953
0.011202573776245117
0.015869855880737305
0.014922618865966797
0.013829469680786133
0.0033495426177978516
0.0050580501556396484
0.014310121536254883
0.0124664306640625
0.01624917984008789
0.007491350173950195
0.010324239730834961
0.008949756622314453
0.011047124862670898
0.013374090194702148
0.002773284912109375
0.015808582305908203
0.011282682418823242
0.002635955810546875
0.013000726699829102
0.004439592361450195
0.00733494758605957
0.013736486434936523
0.011285781860351562
0.008864879608154297
0.014649629592895508
0.010962247848510742
0.011472463607788086
0.013368606567382812
0.011197805404663086
0.011909008026123047
0.016241073608398438
0.013911962509155273
0.015257596969604492
0.009966373443603516
0.011688709259033203
0.007053852081298828
0.008418083190917969
0.010008573532104492
0.012750625610351562
0.012004852294921875
0.013896942138671875
0.012199163436889648
0.00971531867980957
0.010815143585205078
0.008272171020507812
0.012219905853271484
0.01230311393737793
0.011068344116210938
0.011170625686645508
0.012583732604980469
0.012076139450073242
0.01380014419555664
0.011037111282348633
0.013008356094360352
0.014684915542602539
0.012111186981201172
0.009636878967285156
0.013361930847167969
0.011884212493896484
0.012598514556884766
0.012725353240966797
0.012212991714477539
0.011468172073364258
0.015017509460449219
0.014583826065063477
0.007806062698364258
0.01129770278930664
0.014262199401855469
0.01034402847290039
0.014098167419433594
0.012879133224487305
0.012963294982910156
0.011383295059204102
0.0027320384979248047
0.015331029891967773
0.012865304946899414
0.005877256393432617
0.012902021408081055
0.009107589721679688
0.014634370803833008
0.008834362030029297
0.01413869857788086
0.014395475387573242
0.014502763748168945
0.011056661605834961
0.014437437057495117
0.011492729187011719
0.011730194091796875
0.004773616790771484
0.01623058319091797
0.011865615844726562
0.011826753616333008
0.008355379104614258
0.0039691925048828125
0.012540340423583984
0.008202552795410156
0.009572029113769531
0.0050694942474365234
0.013098716735839844
0.0074994564056396484
0.0025680065155029297
0.0064945220947265625
0.012005090713500977
0.006909608840942383
0.002383708953857422
0.005608081817626953
0.00513458251953125
0.0040400028228759766
0.0032215118408203125
0.003520488739013672
0.003957271575927734
0.011451959609985352
0.002435445785522461
0.0036089420318603516
0.0025472640991210938
0.0026941299438476562
0.011254549026489258
0.0024657249450683594
0.002333402633666992
0.002859354019165039
0.0024607181549072266
0.005608081817626953
0.0032241344451904297
0.0028531551361083984
0.0041179656982421875
0.0023474693298339844
0.011687278747558594
0.002563953399658203
0.0045490264892578125
0.00690460205078125
0.002213716506958008
0.007029533386230469
0.0024900436401367188
0.007726907730102539
0.005467891693115234
0.006651639938354492
0.009720802307128906
0.0030517578125
0.01382899284362793
0.009673595428466797
0.002869129180908203
0.008714914321899414
0.002295255661010742
0.012963533401489258
0.008777618408203125
0.002979755401611328
0.011388063430786133
0.006496906280517578
0.012003421783447266
0.006398677825927734
0.0032830238342285156
0.006991147994995117
0.004514932632446289
0.010085105895996094
0.009187936782836914
0.006789207458496094
0.006404876708984375
0.008535385131835938
0.009583234786987305
0.0063283443450927734
0.0072727203369140625
0.005010366439819336
0.003026723861694336
0.008236408233642578
0.01064157485961914
0.011313438415527344
0.007960796356201172
0.009579896926879883
0.01038813591003418
0.0050449371337890625
0.01351165771484375
0.007044792175292969
0.00886225700378418
0.010291814804077148
0.0027894973754882812
0.014763116836547852
0.010272502899169922
0.012484073638916016
0.005536556243896484
0.00756072998046875
0.014246940612792969
0.011794328689575195
0.008612394332885742
0.0108184814453125
0.0068819522857666016
0.012580394744873047
0.007357120513916016
0.003923892974853516
0.005842924118041992
0.002309560775756836
0.017101049423217773
0.013905763626098633
0.010358333587646484
0.009152412414550781
0.0037789344787597656
0.012578964233398438
0.009778499603271484
0.007744312286376953
0.0069141387939453125
0.0032660961151123047
0.010856151580810547
0.006574392318725586
0.00811147689819336
0.010283231735229492
0.006230831146240234
0.007469654083251953
0.007158041000366211
0.008053779602050781
0.009064674377441406
0.00978708267211914
0.003595113754272461
0.012861967086791992
0.01009678840637207
0.01147603988647461
0.004792451858520508
0.007851123809814453
0.006131649017333984
0.01103973388671875
0.009085416793823242
0.014713525772094727
0.009869813919067383
0.00893259048461914
0.010917186737060547
0.010328054428100586
0.011717557907104492
0.01120448112487793
0.011083364486694336
0.007967233657836914
0.008023738861083984
0.006896018981933594
0.008826255798339844
0.005244255065917969
0.006744861602783203
0.010141134262084961
0.011002302169799805
0.012644052505493164
0.006287336349487305
0.0108489990234375
0.002595663070678711
0.010131359100341797
0.008862733840942383
0.010603189468383789
0.010268926620483398
0.008222579956054688
0.008767843246459961
0.007382869720458984
0.009505748748779297
0.010447025299072266
0.009955644607543945
0.009288787841796875
0.009779214859008789
0.008585691452026367
0.006576061248779297
0.011235237121582031
0.0055654048919677734
0.009560108184814453
0.011023759841918945
0.007502555847167969
0.010825872421264648
0.010086774826049805
0.004224538803100586
0.008888959884643555
0.003508329391479492
0.0035827159881591797
0.01358938217163086
0.00447845458984375
0.00968027114868164
0.004586935043334961
0.005600452423095703
0.009633541107177734
0.009806632995605469
0.010659217834472656
0.00847482681274414
0.00958251953125
0.013934612274169922
0.013213396072387695
0.010639190673828125
0.013883113861083984
0.005967140197753906
0.009946584701538086
0.005933046340942383
0.00816798210144043
0.007616281509399414
0.010298013687133789
0.010320186614990234
0.0029876232147216797
0.0046253204345703125
0.006056070327758789
0.004622459411621094
0.005110740661621094
0.0050127506256103516
0.0060863494873046875
0.005735158920288086
0.0061359405517578125
0.010665416717529297
0.00429081916809082
0.009895086288452148
0.010285139083862305
0.005782127380371094
0.004990100860595703
0.0026187896728515625
0.00725245475769043
0.010248422622680664
0.007617473602294922
0.011287450790405273
0.0029082298278808594
0.014335870742797852
0.010210037231445312
0.005385637283325195
0.014687776565551758
0.002196788787841797
0.013002395629882812
0.010127067565917969
0.0023033618927001953
0.007050037384033203
0.0022246837615966797
0.006130218505859375
0.007171154022216797
0.002359628677368164
0.012346982955932617
0.0024156570434570312
0.002831697463989258
0.011606931686401367
0.002321958541870117
0.009897232055664062
0.0035064220428466797
0.0038924217224121094
0.01073598861694336
0.010700225830078125
0.011972665786743164
0.0034399032592773438
0.0029828548431396484
0.011747121810913086
0.0023071765899658203
0.0024509429931640625
0.003521442413330078
0.002723217010498047
0.01643538475036621
0.002658843994140625
0.011645317077636719
0.0074253082275390625
0.003239154815673828
0.008487701416015625
0.0026967525482177734
0.012207984924316406
0.010841846466064453
0.014302492141723633
0.012603759765625
0.0030286312103271484
0.012527942657470703
0.011084794998168945
0.012063264846801758
0.011523962020874023
0.009971380233764648
0.008522748947143555
0.012061834335327148
0.009496688842773438
0.010643959045410156
0.011802911758422852
0.009102344512939453
0.008267641067504883
0.012510061264038086
0.012528419494628906
0.005048274993896484
0.014014482498168945
0.010322809219360352
0.006327390670776367
0.010317802429199219
0.01027679443359375
0.009928464889526367
0.012796878814697266
0.010129690170288086
0.011373519897460938
0.011499643325805664
0.011343240737915039
0.011341571807861328
0.012490272521972656
0.012211799621582031
0.0062596797943115234
0.016041278839111328
0.003000974655151367
0.015781402587890625
0.005942821502685547
0.002741098403930664
0.009482860565185547
0.011899709701538086
0.010938405990600586
0.003346681594848633
0.0028009414672851562
0.01104426383972168
0.006033182144165039
0.00905919075012207
0.0020520687103271484
0.0022935867309570312
0.010436058044433594
0.011121511459350586
0.010130167007446289
0.003103017807006836
0.0022072792053222656
0.013555049896240234
0.010110855102539062
0.011365652084350586
0.009572744369506836
0.010241031646728516
0.012617826461791992
0.010799169540405273
0.009141683578491211
0.009981870651245117
0.0031151771545410156
0.007660865783691406
0.009254217147827148
0.009898185729980469
0.004811525344848633
0.0022420883178710938
0.006150245666503906
0.009455204010009766
0.0027730464935302734
0.012737751007080078
0.0026073455810546875
0.013466358184814453
0.00875234603881836
0.006978750228881836
0.010754585266113281
0.003584146499633789
0.01083993911743164
0.010510444641113281
0.007046937942504883
0.013885021209716797
0.003371000289916992
0.007745027542114258
0.009357929229736328
0.010770320892333984
0.011346817016601562
0.005928754806518555
0.002007007598876953
0.0024869441986083984
0.00810384750366211
0.007919549942016602
0.014956474304199219
0.002966642379760742
0.002540111541748047
0.004002094268798828
