0.008667469024658203
0.012212991714477539
0.005891561508178711
0.0048749446868896484
0.004919528961181641
0.003780364990234375
0.007196664810180664
0.005648374557495117
0.005356311798095703
0.004619121551513672
0.0052661895751953125
0.004314899444580078
0.003936290740966797
0.0036029815673828125
0.004424095153808594
0.00494837760925293
0.003854036331176758
0.004170894622802734
0.005887508392333984
0.006365537643432617
0.006189584732055664
0.015535116195678711
0.003945350646972656
0.003244638442993164
0.004194021224975586
0.013623714447021484
0.006783485412597656
0.006067514419555664
0.004532814025878906
0.00379180908203125
0.004178762435913086
0.003737211227416992
0.004259347915649414
0.004318714141845703
0.006671428680419922
0.0034008026123046875
0.004073619842529297
0.00707554817199707
0.007604122161865234
0.0033566951751708984
0.0032470226287841797
0.005616903305053711
0.006085634231567383
0.003922224044799805
0.004214763641357422
0.0029497146606445312
0.02298712730407715
0.006882667541503906
0.004682064056396484
0.008962154388427734
0.006243228912353516
0.003190755844116211
0.005602836608886719
0.003774881362915039
0.003026723861694336
0.00465083122253418
0.0038247108459472656
0.006430864334106445
0.005190610885620117
0.002821683883666992
0.0034470558166503906
0.0046770572662353516
0.0028645992279052734
0.009549379348754883
0.0055522918701171875
0.0034818649291992188
0.006257057189941406
0.0036191940307617188
0.0046787261962890625
0.006150484085083008
0.002689361572265625
0.008278131484985352
0.0030722618103027344
0.009511947631835938
0.005882740020751953
0.009778261184692383
0.0066797733306884766
0.002761363983154297
0.009853839874267578
0.008506536483764648
0.003098011016845703
0.006722450256347656
0.0035555362701416016
0.012202978134155273
0.003436565399169922
0.010555267333984375
0.008193254470825195
0.0026574134826660156
0.011932611465454102
0.009819746017456055
0.003932476043701172
0.01458740234375
0.003110170364379883
0.014472246170043945
0.01324605941772461
0.00423121452331543
0.010080814361572266
0.0026214122772216797
0.011919021606445312
0.008028745651245117
0.009779691696166992
0.007117271423339844
0.0026378631591796875
0.003960371017456055
0.0113983154296875
0.004225730895996094
0.0076296329498291016
0.0029501914978027344
0.0027878284454345703
0.007972002029418945
0.00909733772277832
0.004670858383178711
0.0028052330017089844
0.011100292205810547
0.007327079772949219
0.012095212936401367
0.0033600330352783203
0.004033565521240234
0.00821375846862793
0.005453348159790039
0.01267695426940918
0.007787227630615234
0.003992319107055664
0.003422260284423828
0.0031430721282958984
0.010297060012817383
0.007737874984741211
0.01024007797241211
0.009022951126098633
0.004673480987548828
0.003490447998046875
0.008399724960327148
0.006140232086181641
0.010546445846557617
0.0024509429931640625
0.007306098937988281
0.005763053894042969
0.00865030288696289
0.0058689117431640625
0.002960681915283203
0.017278432846069336
0.006663084030151367
0.004177093505859375
0.009993553161621094
0.005135059356689453
0.017804622650146484
0.00926518440246582
0.00702357292175293
0.008071184158325195
0.003515958786010742
0.005417585372924805
0.00513458251953125
0.008992910385131836
0.007660865783691406
0.0036139488220214844
0.009381532669067383
0.00731205940246582
0.012150764465332031
0.005600452423095703
0.003057718276977539
0.0101776123046875
0.007878780364990234
0.010329008102416992
0.007893800735473633
0.011079072952270508
0.004256725311279297
0.01932501792907715
0.0037572383880615234
0.0032472610473632812
0.01970386505126953
0.014566898345947266
0.01142740249633789
0.013248205184936523
0.00514531135559082
0.005766391754150391
0.02117919921875
0.0108184814453125
0.012739419937133789
0.006357669830322266
0.0051839351654052734
0.013211727142333984
0.013084650039672852
0.012775421142578125
0.005562305450439453
0.004956245422363281
0.013980865478515625
0.01530003547668457
0.01364755630493164
0.01006937026977539
0.007047176361083984
0.014520406723022461
0.013060331344604492
0.013317584991455078
0.012111186981201172
0.008986473083496094
0.01263427734375
0.010990142822265625
0.012610197067260742
0.010109901428222656
0.010351896286010742
0.010869503021240234
0.012721776962280273
0.011093854904174805
0.009830236434936523
0.010135173797607422
0.003097057342529297
0.010089397430419922
0.00711369514465332
0.009876251220703125
0.011427640914916992
0.012473583221435547
0.004846811294555664
0.011385917663574219
0.004106998443603516
0.019389867782592773
0.010128259658813477
0.010835886001586914
0.004036426544189453
0.02365875244140625
0.002864360809326172
0.016283035278320312
0.013366937637329102
0.0069844722747802734
0.00854635238647461
0.006427288055419922
0.010471820831298828
0.007749795913696289
0.008962631225585938
0.009576559066772461
0.014786005020141602
0.013486862182617188
0.0052051544189453125
0.014328718185424805
0.011688709259033203
0.013828039169311523
0.012943744659423828
0.011533737182617188
0.011692523956298828
0.010974407196044922
0.005740642547607422
0.012021780014038086
0.010237455368041992
0.010199785232543945
0.00652623176574707
0.010401010513305664
0.00940251350402832
0.008896827697753906
0.006903648376464844
0.011350870132446289
0.007662057876586914
0.014250755310058594
0.009865283966064453
0.007407426834106445
0.005388736724853516
0.007680177688598633
0.00921177864074707
0.006659984588623047
0.02165961265563965
0.012771129608154297
0.012974977493286133
0.011688232421875
0.011823177337646484
0.009100198745727539
0.012667417526245117
0.014686346054077148
0.002916097640991211
0.018899202346801758
0.006966590881347656
0.01187443733215332
0.010122060775756836
0.012740373611450195
0.006430625915527344
0.011583089828491211
0.009424924850463867
0.010887384414672852
0.002886056900024414
0.011587142944335938
0.002833843231201172
0.004626274108886719
0.010933399200439453
0.007208585739135742
0.013828277587890625
0.013556241989135742
0.005891561508178711
0.009687185287475586
0.006830453872680664
0.01245570182800293
0.01190638542175293
0.004411935806274414
0.012512683868408203
0.01267385482788086
0.005594968795776367
0.01978158950805664
0.002701282501220703
0.008141040802001953
0.0042073726654052734
0.004346132278442383
0.006301164627075195
0.002637624740600586
0.008481502532958984
0.0029144287109375
0.0038890838623046875
0.012652158737182617
0.003431081771850586
0.0048444271087646484
0.004498958587646484
0.003584146499633789
0.008450984954833984
0.0032722949981689453
0.005660295486450195
0.004189014434814453
0.0031118392944335938
0.0062978267669677734
0.004051923751831055
0.006734609603881836
0.00613093376159668
0.00453495979309082
0.011826753616333008
0.003413677215576172
0.011130332946777344
0.0035524368286132812
0.0030624866485595703
0.002974271774291992
0.003253936767578125
0.0034699440002441406
0.009395122528076172
0.0028791427612304688
0.005549430847167969
0.003486156463623047
0.004529476165771484
0.007036685943603516
0.003620624542236328
0.004390716552734375
0.004368782043457031
0.005115032196044922
0.0027310848236083984
0.002919435501098633
0.006036043167114258
0.003277301788330078
0.007142782211303711
0.0028264522552490234
0.0030536651611328125
0.005313396453857422
0.007480621337890625
0.005342960357666016
0.0032901763916015625
0.003432035446166992
0.002964496612548828
0.006354331970214844
0.008564472198486328
0.005861520767211914
0.005157470703125
0.006006002426147461
0.007745504379272461
0.006202220916748047
0.0028002262115478516
0.005716800689697266
0.009730100631713867
0.005011320114135742
0.004533290863037109
0.0061473846435546875
0.0025739669799804688
0.009910821914672852
0.010715246200561523
0.006814718246459961
0.0039691925048828125
0.0031027793884277344
0.003075122833251953
0.011958837509155273
0.009087800979614258
0.003787994384765625
0.009525537490844727
0.015851974487304688
0.01267862319946289
0.0067098140716552734
0.006658792495727539
0.006928205490112305
0.006768703460693359
0.013343095779418945
0.015429258346557617
0.0107574462890625
0.0076999664306640625
0.011600017547607422
0.005931854248046875
0.006156444549560547
0.009555339813232422
0.008043527603149414
0.0050814151763916016
0.007150411605834961
0.022941112518310547
0.007079601287841797
0.0054798126220703125
0.019950389862060547
0.005167484283447266
0.010431051254272461
0.015411615371704102
0.013299942016601562
0.0068359375
0.003174304962158203
0.01020503044128418
0.008103132247924805
0.007580757141113281
0.00689697265625
0.0034542083740234375
0.011777400970458984
0.0064640045166015625
0.011813879013061523
0.010809659957885742
0.0022614002227783203
0.01792001724243164
0.0075871944427490234
0.014437198638916016
0.010191202163696289
0.008812665939331055
0.008603334426879883
0.007448434829711914
0.007327079772949219
0.006799936294555664
0.0034172534942626953
0.0030634403228759766
0.01270151138305664
0.00515437126159668
0.0068323612213134766
0.003604412078857422
0.00680851936340332
0.0067081451416015625
0.0026366710662841797
0.02295088768005371
0.0027129650115966797
0.011301517486572266
0.0076389312744140625
0.012305498123168945
0.0033288002014160156
0.014321565628051758
0.005425214767456055
0.004158735275268555
0.0045092105865478516
0.006227731704711914
0.00385284423828125
0.0035238265991210938
0.006739377975463867
0.003073453903198242
0.006199359893798828
0.0038170814514160156
0.0060138702392578125
0.006043672561645508
0.0034818649291992188
0.011121749877929688
0.009627103805541992
0.0031900405883789062
0.009105443954467773
0.013749122619628906
0.0043811798095703125
0.015018224716186523
0.0066187381744384766
0.013714313507080078
0.002976655960083008
0.002364635467529297
0.015320539474487305
0.011896610260009766
0.009761810302734375
0.018630266189575195
0.006103992462158203
0.00506591796875
0.009193658828735352
0.008362293243408203
0.010907649993896484
0.0055997371673583984
0.0032329559326171875
0.007413387298583984
0.01159977912902832
0.0034291744232177734
0.011202573776245117
0.007391214370727539
0.012137651443481445
0.01208353042602539
0.008310317993164062
0.008986473083496094
0.0020864009857177734
0.007992744445800781
0.005309581756591797
0.007341861724853516
0.005400657653808594
0.006420135498046875
0.006084442138671875
0.008502721786499023
0.008430242538452148
0.006276607513427734
0.0071866512298583984
0.004618406295776367
0.011897563934326172
0.008314847946166992
0.008183717727661133
0.008303403854370117
0.00795125961303711
0.009938955307006836
0.007505893707275391
0.00675511360168457
0.009732484817504883
0.011673927307128906
0.006779193878173828
0.014675140380859375
0.008361577987670898
0.009648323059082031
0.007173776626586914
0.007859945297241211
0.007501363754272461
0.007427692413330078
0.0073664188385009766
0.004090785980224609
0.009469032287597656
0.006753683090209961
0.006620168685913086
0.012396097183227539
0.006578207015991211
0.012807369232177734
0.0029914379119873047
0.009479999542236328
0.009025335311889648
0.003407716751098633
0.009969711303710938
0.006935834884643555
0.005101680755615234
0.011914491653442383
0.011069536209106445
0.0054454803466796875
0.01253366470336914
0.0113525390625
0.003671884536743164
0.014734745025634766
0.008820056915283203
0.005053520202636719
0.009258508682250977
0.0033659934997558594
0.007094383239746094
0.007960796356201172
0.008420944213867188
0.010843992233276367
0.011989831924438477
0.011530876159667969
0.008224010467529297
0.010592937469482422
0.014949560165405273
0.006491899490356445
0.0030705928802490234
0.010294437408447266
0.006794929504394531
0.008769750595092773
0.009726524353027344
0.009844541549682617
0.008231401443481445
0.0034956932067871094
0.013673067092895508
0.003511190414428711
0.003416299819946289
0.00788736343383789
0.0032079219818115234
0.010611295700073242
0.0067403316497802734
0.0027048587799072266
0.01458740234375
0.003803730010986328
0.01088404655456543
0.011886358261108398
0.0024814605712890625
0.009787559509277344
0.002804994583129883
0.011065006256103516
0.007691144943237305
0.0025315284729003906
0.013219833374023438
0.01286935806274414
0.011572599411010742
0.010637998580932617
0.0020105838775634766
0.01192784309387207
0.0026063919067382812
0.012380838394165039
0.013220071792602539
0.0025300979614257812
0.012726306915283203
0.0027310848236083984
0.007904052734375
0.006811857223510742
0.002354860305786133
0.014269113540649414
0.008473873138427734
0.012331724166870117
0.012841939926147461
0.014683961868286133
0.009688138961791992
0.004971504211425781
0.007987022399902344
0.007763385772705078
0.011259317398071289
0.014245271682739258
0.01138925552368164
0.010269880294799805
0.0032126903533935547
0.004302978515625
0.012173175811767578
0.010722160339355469
0.007658243179321289
0.004411220550537109
0.004770040512084961
0.00956273078918457
0.011223316192626953
0.0073299407958984375
0.002382516860961914
0.004604816436767578
0.011512041091918945
0.0070874691009521484
0.011866569519042969
0.008769750595092773
0.01127767562866211
0.010441780090332031
0.011495590209960938
0.013223648071289062
0.011253833770751953
0.01121377944946289
0.013188600540161133
0.01168203353881836
0.010790348052978516
0.011304140090942383
0.015731096267700195
0.011677742004394531
0.011299848556518555
0.010682106018066406
0.016063451766967773
0.007925033569335938
0.013004064559936523
0.010803937911987305
0.005034208297729492
0.00479435920715332
0.00954127311706543
0.013594865798950195
0.006669521331787109
0.0034210681915283203
0.0026161670684814453
0.004976511001586914
0.0033233165740966797
0.002866983413696289
0.019040822982788086
0.00490880012512207
