0.04361462593078613
0.004779338836669922
0.009746551513671875
0.014183759689331055
0.014285087585449219
0.0035610198974609375
0.014379501342773438
0.014194488525390625
0.0037577152252197266
0.013067007064819336
0.014041662216186523
0.013695955276489258
0.011690378189086914
0.014966011047363281
0.004055976867675781
0.013889074325561523
0.00624537467956543
0.013380050659179688
0.01621842384338379
0.014602422714233398
0.01256561279296875
0.01001596450805664
0.006070613861083984
0.012779712677001953
0.01208639144897461
0.007645845413208008
0.014560222625732422
0.012771368026733398
0.014043807983398438
0.0076198577880859375
0.01541280746459961
0.013065576553344727
0.013929605484008789
0.0069811344146728516
0.006701231002807617
0.005256175994873047
0.015193462371826172
0.010448217391967773
0.014153480529785156
0.006562709808349609
0.011470556259155273
0.008720636367797852
0.016188383102416992
0.015622377395629883
0.016460180282592773
0.013926267623901367
0.015561819076538086
0.014840126037597656
0.00965428352355957
0.018566608428955078
0.01416778564453125
0.015103578567504883
0.009752273559570312
0.006837129592895508
0.012736082077026367
0.013091564178466797
0.01337432861328125
0.013663768768310547
0.015276432037353516
0.014061927795410156
0.014848709106445312
0.015277624130249023
0.013080120086669922
0.00839543342590332
0.010493278503417969
0.01054239273071289
0.007324934005737305
0.011104106903076172
0.003151416778564453
0.012100934982299805
0.012842416763305664
0.008407831192016602
0.009139537811279297
0.011148691177368164
0.009588003158569336
0.013157129287719727
0.0038442611694335938
0.0028710365295410156
0.00888967514038086
0.008632898330688477
0.005415439605712891
0.01301264762878418
0.003469228744506836
0.011299371719360352
0.0026519298553466797
0.009945154190063477
0.0032074451446533203
0.006839275360107422
0.009758710861206055
0.00858163833618164
0.006827354431152344
0.0042247772216796875
0.0035560131072998047
0.00613093376159668
0.005007505416870117
0.002904653549194336
0.0040967464447021484
0.004075765609741211
0.004588603973388672
0.005142688751220703