0.008830547332763672
0.004589557647705078
0.013468265533447266
0.014612436294555664
0.016407489776611328
0.016461849212646484
0.01315450668334961
0.012667417526245117
0.01402425765991211
0.012506723403930664
0.015131473541259766
0.0027108192443847656
0.01192331314086914
0.004720211029052734
0.01361703872680664
0.011626482009887695
0.014911890029907227
0.013549089431762695
0.014749765396118164
0.016166210174560547
0.015741825103759766
0.013686418533325195
0.012886762619018555
0.0062487125396728516
0.014312505722045898
0.01757669448852539
0.01389932632446289
0.012279987335205078
0.013348579406738281
0.01460576057434082
0.012359857559204102
0.009275674819946289
0.012442827224731445
0.016752958297729492
0.014462947845458984
0.01306915283203125
0.01450967788696289
0.0054779052734375
0.016084909439086914
0.0066776275634765625
0.016961336135864258
0.011190414428710938
0.012191295623779297
0.011561870574951172
0.012711048126220703
0.012978315353393555
0.01627206802368164
0.01662302017211914
0.013312578201293945
0.012049674987792969
0.015578746795654297
0.01578068733215332
0.01259922981262207
0.013422727584838867
0.01125955581665039
0.012477636337280273
0.011098623275756836
0.015438556671142578
0.012538433074951172
0.014440536499023438
0.01589679718017578
0.016000032424926758
0.01305842399597168
0.011764049530029297
0.008858919143676758
0.015858173370361328
0.011994361877441406
0.012740135192871094
0.016193866729736328
0.015684843063354492
0.014237642288208008
0.014821290969848633
0.012051105499267578
0.015027284622192383
0.012908935546875
0.013030052185058594
0.012187957763671875
0.014045953750610352
0.01233363151550293
0.009724140167236328
0.013643503189086914
0.013924121856689453
0.014538049697875977
0.010724782943725586
0.013779640197753906
0.009810209274291992
0.014553070068359375
0.013811588287353516
0.012026548385620117
0.012549877166748047
0.014209747314453125
0.014637231826782227
0.010590076446533203
0.01443624496459961
0.013411283493041992
0.01224064826965332
0.012104034423828125
0.011950016021728516
0.01270294189453125
0.013655424118041992
0.014210700988769531
0.010497808456420898
0.015413999557495117
0.015435218811035156
0.012110471725463867
0.01263570785522461
0.014078140258789062
0.01210474967956543
0.01174163818359375
0.011293172836303711
0.009671926498413086
0.013864994049072266
0.015871047973632812
0.011439800262451172
0.013559103012084961
0.010843515396118164
0.014838933944702148
0.014658689498901367
0.015361547470092773
0.012019157409667969
0.011812925338745117
0.012889862060546875
0.012261629104614258
0.01043081283569336
0.011939048767089844
0.017078399658203125
0.011233091354370117
0.01136469841003418
0.0115966796875
0.012511014938354492
0.011799097061157227
0.01283717155456543
0.01162266731262207
0.011364459991455078
0.006787300109863281
0.0071413516998291016
0.012915849685668945
0.006778240203857422
0.012998342514038086
0.010978460311889648
0.013840436935424805
0.012495040893554688
0.013830184936523438
0.011023759841918945
0.012085199356079102
0.01449275016784668
0.010909795761108398
0.015453577041625977
0.010380268096923828
0.01207876205444336
0.007732868194580078
0.010241985321044922
0.011740446090698242
0.016753435134887695
0.014987707138061523
0.010961771011352539
0.013522863388061523
0.013451337814331055
0.008223295211791992
0.009735107421875
0.015476703643798828
0.015056133270263672
0.0050504207611083984
0.0024824142456054688
0.009247541427612305
0.010767459869384766
0.011199951171875
0.004556179046630859
0.012969970703125
0.012902975082397461
