0.008136749267578125
0.014341354370117188
0.015606403350830078
0.014005184173583984
0.013996124267578125
0.016208648681640625
0.01064610481262207
0.016365528106689453
0.008500099182128906
0.009296894073486328
0.010586738586425781
0.0030128955841064453
0.013235330581665039
0.005692720413208008
0.01619243621826172
0.015629053115844727
0.013740062713623047
0.013521909713745117
0.0048482418060302734
0.014456748962402344
0.015203475952148438
0.016989707946777344
0.01765298843383789
0.014504432678222656
0.014030694961547852
0.01654195785522461
0.013571977615356445
0.008653402328491211
0.013608694076538086
0.004370450973510742
0.007524967193603516
0.006086111068725586
0.014360427856445312
0.013765573501586914
0.01622605323791504
0.012686967849731445
0.011271953582763672
0.013046741485595703
0.01529693603515625
0.012300491333007812
0.007881879806518555
0.01719951629638672
0.014444351196289062
0.014426708221435547
0.013692140579223633
0.014040231704711914
0.012111902236938477
0.01678299903869629
0.014137506484985352
0.012974023818969727
0.012065887451171875
0.006575584411621094
0.011095523834228516
0.012899637222290039
0.01127171516418457
0.010217666625976562
0.012398004531860352
0.015583276748657227
0.013462305068969727
0.015233278274536133
0.005059480667114258
0.005500316619873047
0.012794733047485352
0.013093709945678711
0.011051177978515625
0.009381771087646484
0.013661623001098633
0.002973794937133789
0.012088298797607422
0.014206647872924805
0.005020856857299805
0.013651609420776367
0.008073091506958008
0.005303621292114258
0.004658222198486328
0.013571023941040039
0.005469083786010742
0.006230354309082031
0.01269388198852539
0.01375722885131836
0.013096809387207031
0.010425567626953125
0.011483430862426758
0.012512683868408203
0.014117002487182617
0.01088094711303711
0.01314997673034668
0.010436534881591797
0.006093740463256836
0.012417078018188477
0.01334524154663086
0.005220890045166016
0.012724161148071289
0.013043880462646484
0.005829572677612305
0.013890743255615234
0.007626771926879883
0.015467405319213867
0.012017488479614258
0.011559724807739258
0.015687942504882812
0.013097286224365234
0.012181997299194336
0.005729198455810547
0.011853456497192383
0.01328897476196289
0.0051729679107666016
0.012575387954711914
0.01160287857055664
0.002506256103515625
0.009723901748657227
0.0141448974609375
0.01365208625793457
0.01270151138305664
0.016691207885742188
0.005967378616333008
0.012868642807006836
0.015221595764160156
0.012176036834716797
0.01171731948852539
0.012924432754516602
0.012771368026733398
0.006090641021728516
0.01273345947265625
0.013329505920410156
0.011965036392211914
0.015218019485473633
0.015021562576293945
0.009842157363891602
0.014567852020263672
0.01106715202331543
0.010103702545166016
0.0032110214233398438
0.011582374572753906
0.014585256576538086
0.01091456413269043
0.0062901973724365234
0.012834310531616211
0.01308751106262207
0.004387855529785156
0.013019084930419922
0.011022329330444336
0.010525941848754883
0.011556386947631836
0.013465166091918945
0.009221315383911133
0.007456541061401367
0.008325576782226562
0.006977081298828125
0.01346588134765625
0.011475324630737305
0.007991552352905273
0.01318669319152832
0.008170604705810547
0.006651639938354492
0.012527704238891602
0.009979248046875
0.012209653854370117
0.007865428924560547
0.014448165893554688
0.007146358489990234
0.010239362716674805
0.008877277374267578
0.00830984115600586
0.011534929275512695
0.012720346450805664
0.00906991958618164
0.013147354125976562
0.002989053726196289
0.013454914093017578
