0.2576584815979004
0.1532449722290039
0.19280028343200684
0.1390366554260254
0.19591808319091797
0.1489119529724121
0.12865209579467773
0.18504714965820312
0.14824247360229492
0.1160581111907959
0.2610328197479248
0.14523625373840332
0.24066734313964844
0.14423823356628418
0.20804882049560547
0.16055917739868164
0.22003841400146484
0.24343180656433105
0.26248931884765625
0.1659562587738037
0.10563111305236816
0.1155860424041748
0.1978466510772705
0.18765902519226074
0.2294178009033203
0.14900445938110352
0.1755211353302002
0.2334449291229248
0.18448162078857422
0.14913034439086914
0.14197182655334473
0.1734142303466797
0.13359880447387695
0.1530170440673828
0.25999903678894043
0.19611907005310059
0.24917864799499512
0.1738433837890625
0.1172175407409668
0.16440320014953613
0.13707828521728516
0.1440274715423584
0.13902807235717773
0.11292243003845215
0.1546039581298828
0.2044205665588379
0.14769363403320312
0.14617633819580078
0.15694928169250488
0.1692354679107666
0.22971558570861816
0.2509174346923828
0.1533660888671875
0.18847441673278809
0.22758269309997559
0.1316976547241211
0.12760186195373535
0.220855712890625
0.14573240280151367
0.1328127384185791
0.18110275268554688
0.22176003456115723
0.15549921989440918
0.12052679061889648
0.17328953742980957
0.19710659980773926
0.13813304901123047
0.11368298530578613
0.0986940860748291
0.13168716430664062
0.15210199356079102
0.27475905418395996
0.16719794273376465
0.16659784317016602
0.14060711860656738
0.1348569393157959
0.22507262229919434
0.1610260009765625
0.11517596244812012
0.23128318786621094
0.22346210479736328
0.19322538375854492
0.14115333557128906
0.2278609275817871
0.21537208557128906
0.2227318286895752
0.13516783714294434
0.19907140731811523
0.1806163787841797
0.15881872177124023
0.13892221450805664
0.1695084571838379
0.22312259674072266
0.11905813217163086
0.2536506652832031
0.20814990997314453
0.19399237632751465
0.1783909797668457
0.17844152450561523
0.20970535278320312
0.15468716621398926
0.19159150123596191
0.14801669120788574
0.17449665069580078
0.17519235610961914
0.1612231731414795
0.1880021095275879
0.18678617477416992
0.2458357810974121
0.1958775520324707
0.17958831787109375
0.1698777675628662
0.10957169532775879
0.1967325210571289
0.14078497886657715
0.1798095703125
0.15853071212768555
0.20592904090881348
0.15907788276672363
0.13350486755371094
0.16645169258117676
0.14417624473571777
0.2595393657684326
0.13305902481079102
0.16117501258850098
0.14690947532653809
0.17675447463989258
0.2094860076904297
0.2577517032623291
0.1506335735321045
0.18599534034729004
0.12961792945861816
0.17552399635314941
0.15633153915405273
0.21840691566467285
0.22689342498779297
0.2185678482055664
0.1490039825439453
0.13823270797729492
0.1807844638824463
0.13248276710510254
0.20920610427856445
0.16409540176391602
0.15804648399353027
0.20375728607177734
0.2186717987060547
0.16747426986694336
0.2148447036743164
0.12966442108154297
0.16272592544555664
0.13140606880187988
0.14820170402526855
0.11854910850524902
0.14202094078063965
0.15198826789855957
0.2736544609069824
0.19930696487426758
0.1705012321472168
0.18960165977478027
0.16622138023376465
0.12418603897094727
0.2161557674407959
0.2596406936645508
0.1559436321258545
0.2836158275604248
0.288891077041626
0.16487550735473633
0.20478034019470215
0.19699406623840332
0.1272740364074707
0.1458423137664795
0.2231297492980957
0.2076733112335205
0.13725018501281738
0.21827054023742676
0.18263578414916992
0.21325182914733887
0.134629487991333
0.16541123390197754
0.1961827278137207
0.229630708694458
0.19633889198303223
0.16415667533874512
0.16333580017089844
0.12333965301513672
0.20048213005065918
0.18655133247375488
0.25515079498291016
0.2849414348602295
0.19727420806884766
0.2018129825592041
0.22269272804260254
0.17408156394958496
0.21661686897277832
0.26949191093444824
0.21416926383972168
0.14237380027770996
0.21035385131835938
0.2287585735321045
0.2022547721862793
0.15042591094970703
0.21329545974731445
0.15992021560668945
0.16570520401000977
0.11928725242614746
0.24755477905273438
0.28389763832092285
0.21305060386657715
0.22744369506835938
0.12859058380126953
0.21475839614868164
0.1575620174407959
0.12454867362976074
0.1534121036529541
0.1482548713684082
0.18653178215026855
0.1968543529510498
0.1641552448272705
0.11379027366638184
0.1754920482635498
0.13028311729431152
0.15539956092834473
0.16632604598999023
0.23259663581848145
0.2590768337249756
0.22985196113586426
0.1376633644104004
0.11782956123352051
0.1373577117919922
0.12904691696166992
0.15611958503723145
0.13257908821105957
0.14047765731811523
0.18501901626586914
0.20721650123596191
0.1468052864074707
0.12955808639526367
0.1361219882965088
0.1408679485321045
0.13113021850585938
0.11147427558898926
0.30061793327331543
0.16657567024230957
0.14096307754516602
0.21853876113891602
0.20110321044921875
0.12177205085754395
0.20746994018554688
0.13939762115478516
0.16454291343688965
0.2239210605621338
0.2561678886413574
0.23820114135742188
0.1536569595336914
0.18796515464782715
0.18465733528137207
0.16618561744689941
0.1403803825378418
0.13745856285095215
0.2528955936431885
0.2591743469238281
0.21169781684875488
0.2332625389099121
0.23074865341186523
0.15494871139526367
0.11264181137084961
0.10988831520080566
0.186004638671875
0.14067912101745605
0.21006155014038086
0.20487117767333984
0.1282942295074463
0.10032153129577637
0.21190142631530762
0.2575411796569824
0.18636846542358398
0.12328696250915527
0.11625123023986816
0.19035840034484863
0.1379070281982422
0.19564247131347656
0.26114702224731445
0.15349650382995605
0.1407303810119629
0.1580970287322998
0.20168137550354004
0.18079829216003418
0.16915392875671387
0.1548774242401123
0.19785809516906738
0.15482640266418457
0.14466619491577148
0.22681879997253418
0.18309855461120605
0.18353891372680664
0.17049789428710938
0.1148977279663086
0.16232943534851074
0.24249625205993652
0.2669987678527832
0.19483137130737305
0.2241978645324707
0.19855070114135742
0.19946622848510742
0.15788769721984863
0.14655756950378418
0.14043593406677246
0.24171042442321777
0.24559950828552246
0.1574716567993164
0.16012120246887207
0.2671182155609131
0.10863256454467773
0.16869735717773438
0.17014026641845703
0.13979506492614746
0.2423715591430664
0.19754958152770996
0.2303318977355957
0.19584107398986816
0.15041208267211914
0.21873044967651367
0.28156113624572754
0.15007328987121582
0.1178278923034668
0.16083025932312012
0.12268805503845215
0.23625564575195312
0.22316980361938477
0.20200848579406738
0.1376338005065918
0.1075751781463623
0.1571025848388672
0.0980231761932373
0.17463231086730957
0.2517082691192627
0.1596510410308838
0.16506123542785645
0.1228630542755127
0.1405034065246582
0.20876264572143555
0.10751461982727051
0.24212098121643066
0.14704060554504395
0.22731304168701172
0.3079264163970947
0.39159488677978516
0.3428764343261719
0.21706604957580566
0.11290264129638672
0.25861382484436035
0.2304859161376953
0.22698283195495605
0.22910833358764648
0.20817089080810547
0.22350215911865234
0.2054283618927002
0.2510986328125
0.2487330436706543
0.22610807418823242
0.1271343231201172
0.11744904518127441
0.19117164611816406
0.20409202575683594
0.2129662036895752
0.2239844799041748
0.21393227577209473
0.24155163764953613
0.138505220413208
0.24662399291992188
0.13435077667236328
0.14004850387573242
0.16966986656188965
0.14150595664978027
0.18637442588806152
0.2609598636627197
0.21020889282226562
0.17870187759399414
0.19368314743041992
0.21035456657409668
0.12732481956481934
0.10716819763183594
0.2141585350036621
0.19302034378051758
0.335559606552124
0.14532899856567383
0.22310614585876465
0.21512269973754883
0.2516317367553711
0.31354737281799316
0.3615450859069824
0.34603095054626465
0.17384886741638184
0.22805142402648926
0.15505409240722656
0.20527338981628418
0.2071211338043213
0.1287062168121338
0.12382316589355469
0.153181791305542
0.25771069526672363
0.1933286190032959
0.11768126487731934
0.17110180854797363
0.17293310165405273
0.1710035800933838
0.17373418807983398
0.11154866218566895
0.12592172622680664
0.2138047218322754
0.12686491012573242
0.17727017402648926
0.13302016258239746
0.19532442092895508
0.11048340797424316
0.16385889053344727
0.21259379386901855
0.23312044143676758
0.19648146629333496
0.18686175346374512
0.13881802558898926
0.2120528221130371
0.22599411010742188
0.2004411220550537
0.16588258743286133
0.21448731422424316
0.12052631378173828
0.1641998291015625
0.19701051712036133
0.22067666053771973
0.22716951370239258
0.1278843879699707
0.17845797538757324
0.12557363510131836
0.17621302604675293
0.24749112129211426
0.19847512245178223
0.16824030876159668
0.17928552627563477
0.12219023704528809
0.15900707244873047
0.14712190628051758
0.2540168762207031
0.18693971633911133
0.11391592025756836
0.2219383716583252
0.23012089729309082
0.28048181533813477
0.17267680168151855
0.18075108528137207
0.21936321258544922
0.1829509735107422
0.15948772430419922
0.14458179473876953
0.20105361938476562
0.13736701011657715
0.1632091999053955
0.25154829025268555
0.25208187103271484
0.12611722946166992
0.1598663330078125
0.20246148109436035
0.11648797988891602
0.11342573165893555
0.20818638801574707
0.20049118995666504
0.12106776237487793
0.11777710914611816
0.10552120208740234
0.18083429336547852
0.2210526466369629
0.18576765060424805
0.16296935081481934
0.21042633056640625
0.180495023727417
0.19862961769104004
0.24654912948608398
0.1825542449951172
0.18696880340576172
0.23972082138061523
0.234574556350708
0.2645125389099121
0.17219257354736328
0.10013675689697266
0.13132143020629883
0.1375260353088379
0.19465374946594238
0.16051602363586426
0.23578691482543945
0.12417435646057129
0.22192955017089844
0.17003369331359863
0.13207316398620605
0.18644189834594727
0.20027685165405273
0.18538618087768555
0.14375567436218262
0.21812820434570312
0.17965078353881836
0.12643861770629883
0.24411749839782715
0.21294403076171875
0.13704156875610352
0.10872459411621094
0.13149237632751465
0.13547778129577637
0.1297290325164795
0.16619563102722168
0.17541193962097168
0.12894701957702637
0.13561081886291504
0.13220596313476562
0.12378168106079102
0.23816680908203125
0.20648765563964844
0.20004796981811523
0.15262269973754883
0.1298689842224121
0.11743974685668945
0.24630308151245117
