0.03884530067443848
0.0514676570892334
0.033612728118896484
0.0502018928527832
0.0477452278137207
0.02976202964782715
0.045163869857788086
0.04158735275268555
0.06343770027160645
0.046655893325805664
0.05877089500427246
0.04468679428100586
0.050382137298583984
0.04380488395690918
0.05589604377746582
0.030926942825317383
0.038949012756347656
0.047641754150390625
0.03322911262512207
0.04536628723144531
0.053932905197143555
0.046590328216552734
0.02849602699279785
0.032659053802490234
0.06438899040222168
0.05361652374267578
0.04229092597961426
0.0421910285949707
0.02900838851928711
0.0531466007232666
0.052454471588134766
0.029793977737426758
0.03631114959716797
0.03964591026306152
0.050391197204589844
0.03853893280029297
0.04309797286987305
0.040647268295288086
0.0482635498046875
0.06011390686035156
0.02257251739501953
0.05398440361022949
0.03996610641479492
0.025766372680664062
0.04307222366333008
0.058431148529052734
0.026654958724975586
0.05407071113586426
0.057588815689086914
0.04030299186706543
0.0515742301940918
0.029487133026123047
0.04667186737060547
0.03281569480895996
0.04195880889892578
0.04376053810119629
0.0595855712890625
0.04992175102233887
0.03201723098754883
0.041877031326293945
0.04850625991821289
0.042205810546875
0.053029537200927734
0.033553123474121094
0.031164169311523438
0.03972363471984863
0.03327298164367676
0.028355121612548828
0.04843544960021973
0.04871654510498047
0.04500722885131836
0.04338574409484863
0.03327131271362305
0.05187034606933594
0.042498111724853516
0.021296977996826172
0.039751529693603516
0.049957275390625
0.04447579383850098
0.032921552658081055
0.046665191650390625
0.05268430709838867
0.04119062423706055
0.04105830192565918
0.03595566749572754
0.04718518257141113
0.04010462760925293
0.029645442962646484
0.0499265193939209
0.03631401062011719
0.04514026641845703
0.043465614318847656
0.04651212692260742
0.057732343673706055
0.05037569999694824
0.044786930084228516
0.039945363998413086
0.030222415924072266
